frederic_1979/mobile_bay.asc
ncols        459
nrows        192
xllcorner    -88.816666666667
yllcorner    30.037500000000
cellsize     0.004166666667
NODATA_value -32767
[rows 61 to 121 of 192, columns 192 to 287 of 459]
-2 -3 -3 -3 -3 -3 -3 -3 -3 -3 -3 -3 -3 -4 -3 -3 -3 -3 -3 -3 -3 -3 -2 1 4 18 27 39 43 47 41 38 40 41 44 46 48 49 48 47 47 45 44 45 45 45 44 44 44 36 28 31 38 44 46 47 50 51 50 50 51 46 42 44 48 51 50 49 49 50 51 51 52 52 48 45 44 41 38 40 38 40 44 46 44 40 38 43 46 47 46 47 43 43 41 48
-2 -3 -3 -3 -3 -3 -3 -3 -3 -3 -3 -3 -3 -3 -3 -3 -3 -3 -3 -3 -3 -3 -2 0 4 14 22 38 45 44 33 38 42 34 38 40 44 46 46 46 46 44 43 44 43 43 44 43 43 40 31 27 31 40 42 44 49 48 49 48 47 43 43 49 50 49 49 48 48 49 51 50 50 51 50 49 49 48 46 44 39 39 41 43 38 40 45 50 50 48 49 51 47 43 46 51
-2 -3 -3 -3 -3 -3 -3 -3 -3 -3 -3 -3 -3 -3 -3 -3 -3 -3 -3 -3 -3 -3 -2 -1 1 4 17 38 44 39 34 44 44 35 40 42 42 44 45 45 45 45 43 43 44 42 45 44 44 42 36 31 26 33 39 44 46 46 47 41 42 42 48 52 52 49 48 48 48 47 48 49 51 53 51 49 51 51 49 45 43 38 37 41 42 48 50 50 51 49 49 47 44 46 50 49
-2 -3 -3 -3 -3 -3 -3 -3 -3 -3 -3 -4 -3 -3 -3 -3 -3 -3 -3 -3 -3 -3 -3 -2 -2 -1 18 37 43 33 30 40 39 31 38 39 40 43 45 46 47 48 48 46 44 40 42 44 44 41 38 35 29 29 36 42 42 42 40 39 45 47 50 51 49 48 48 50 50 49 49 51 51 52 49 50 52 51 49 46 43 38 35 37 42 46 49 48 49 48 47 45 43 43 47 48
-2 -3 -3 -3 -3 -3 -3 -3 -3 -3 -3 -3 -3 -3 -3 -3 -3 -3 -3 -3 -3 -3 -3 -4 -4 -4 3 34 40 27 32 41 35 38 42 38 40 41 44 45 44 44 44 44 43 38 36 41 42 40 38 36 30 29 37 40 39 38 34 40 51 50 51 53 52 52 50 50 51 49 48 47 48 49 48 50 50 48 47 47 46 39 34 33 38 39 44 44 47 46 44 41 43 45 46 44
-2 -3 -3 -3 -3 -3 -3 -3 -3 -3 -3 -3 -3 -3 -3 -3 -3 -3 -3 -3 -3 -3 -3 -4 -4 -2 2 31 29 29 39 41 29 33 33 34 32 36 38 43 43 41 40 40 40 39 36 36 41 39 38 34 26 31 38 43 40 38 34 42 50 50 51 52 52 51 48 49 48 48 49 47 50 51 48 47 47 45 42 40 44 44 37 34 33 31 35 40 45 44 40 37 43 44 43 44
-2 -3 -3 -3 -3 -3 -3 -3 -3 -3 -3 -3 -3 -3 -3 -3 -3 -3 -3 -3 -3 -3 -3 -4 -4 -3 0 17 29 33 36 28 25 26 24 29 30 35 39 41 40 37 39 40 39 38 36 37 36 38 38 32 25 29 42 43 37 35 34 42 48 48 50 50 51 51 45 45 42 46 48 48 51 50 47 48 48 45 45 43 39 35 37 41 37 32 33 37 42 45 41 41 46 43 42 41
-2 -3 -3 -3 -3 -3 -3 -3 -3 -3 -3 -3 -3 -3 -3 -3 -3 -3 -3 -3 -3 -3 -3 -4 -4 -3 0 22 24 25 23 30 39 37 33 29 34 34 36 39 37 35 37 38 39 39 37 36 32 31 29 24 23 29 36 34 30 31 35 40 43 45 48 51 51 50 42 43 45 46 47 47 48 49 49 49 47 44 46 47 44 39 35 35 34 30 28 31 39 41 38 39 45 44 40 38
-2 -3 -3 -3 -3 -3 -3 -3 -3 -3 -3 -3 -3 -3 -3 -3 -3 -3 -3 -3 -2 -2 -3 -4 -4 -3 2 23 21 32 34 38 43 39 35 33 33 33 37 39 36 33 32 38 42 44 43 39 38 36 36 31 21 30 30 30 33 39 44 44 44 45 48 51 51 50 42 43 44 45 46 46 47 48 48 47 45 44 47 47 47 44 39 36 36 36 34 30 31 32 34 38 42 42 38 37
-2 -3 -3 -3 -3 -3 -3 -3 -3 -3 -3 -3 -3 -3 -3 -3 -3 -3 -3 -3 -3 -2 -3 -4 -4 -2 3 14 20 35 42 42 42 41 36 35 36 38 39 39 37 36 32 37 39 39 37 37 36 38 36 31 21 24 26 32 41 46 45 46 44 45 50 51 50 48 43 41 41 45 46 46 46 48 47 46 44 43 45 46 46 45 44 44 44 42 36 33 34 32 32 32 34 38 38 35
-2 -3 -3 -3 -3 -3 -3 -3 -3 -3 -3 -3 -3 -3 -3 -3 -3 -3 -3 -3 -3 -3 -3 -4 -4 -2 16 20 29 40 43 43 40 38 34 36 38 39 39 39 36 34 32 34 35 31 28 31 34 37 33 26 22 23 29 40 44 45 45 44 44 44 48 46 45 44 41 37 42 41 44 45 45 47 47 45 43 44 45 45 44 43 43 43 44 42 42 39 34 37 34 32 30 34 34 33
-3 -3 -3 -3 -3 -3 -3 -3 -3 -4 -4 -4 -3 -3 -3 -3 -3 -3 -3 -3 -3 -3 -4 -4 -5 -5 21 33 34 38 44 43 40 41 41 39 41 40 40 39 38 34 32 33 33 32 32 29 33 33 28 19 19 30 38 40 41 43 44 43 42 43 47 44 44 45 42 37 36 37 40 44 44 46 45 45 44 45 44 44 44 44 44 41 40 42 44 42 42 40 37 35 32 29 30 31
-3 -3 -3 -3 -3 -3 -3 -3 -4 -4 -4 -4 -4 -3 -3 -3 -3 -3 -3 -3 -3 -3 -3 -3 -2 15 23 31 38 38 43 45 44 43 41 41 41 41 40 39 39 37 35 37 38 37 33 28 27 27 23 17 21 34 36 38 37 38 40 41 44 44 45 42 43 45 42 38 34 37 38 41 42 43 44 44 44 44 44 43 43 43 43 42 39 39 43 43 47 45 40 36 31 30 31 36
-3 -3 -3 -3 -3 -3 -3 -3 -3 -3 -4 -4 -4 -4 -3 -3 -3 -3 -3 -3 -4 -3 -2 -1 2 21 32 34 37 43 44 43 42 42 40 41 42 42 40 36 35 37 37 37 38 36 35 32 25 22 17 19 25 32 36 37 36 36 37 39 42 45 43 40 39 41 42 39 33 38 45 42 42 42 44 45 47 44 43 43 42 39 38 40 40 38 38 38 37 36 34 33 30 29 28 34
-3 -3 -3 -3 -4 -3 -3 -3 -3 -3 -4 -3 -4 -4 -3 -3 -3 -3 -3 -3 -4 -4 -1 2 7 24 39 42 39 40 44 41 41 42 39 41 41 41 39 37 34 35 38 38 37 35 34 31 24 17 18 24 29 32 36 39 36 35 37 41 42 43 42 42 41 37 39 39 33 35 39 40 40 42 43 44 44 43 43 42 42 40 39 38 37 37 37 35 36 35 34 33 31 30 29 30
-3 -3 -3 -3 -4 -4 -4 -3 -3 -3 -4 -3 -3 -4 -4 -3 -3 -3 -3 -3 -4 -4 0 9 15 30 41 44 43 43 44 40 38 40 39 39 40 39 40 39 37 33 34 36 35 35 33 30 29 20 21 24 28 31 32 36 40 38 39 40 40 41 41 41 39 36 37 34 30 34 32 33 42 42 42 41 42 42 42 43 42 43 42 42 41 41 40 36 42 44 40 36 38 35 29 25
-3 -3 -3 -3 -3 -4 -4 -4 -3 -4 -4 -3 -3 -4 -3 -3 -4 -3 -3 -3 -3 -3 2 13 18 34 43 43 41 44 42 40 39 38 39 38 37 39 44 42 38 33 34 34 32 32 33 35 32 20 18 25 29 32 32 33 35 34 38 40 40 39 38 38 41 38 32 31 31 38 40 39 38 39 40 41 41 42 42 44 42 45 43 42 44 42 43 41 43 43 43 40 41 43 39 30
-3 -3 -3 -3 -3 -4 -4 -4 -4 -4 -4 -4 -3 -3 -3 -3 -3 -2 -2 -2 -3 -2 10 14 22 33 38 35 39 43 44 39 35 34 35 35 34 36 41 38 33 32 30 34 34 33 31 29 32 21 18 25 31 34 36 34 31 30 39 42 40 38 37 38 38 37 31 33 38 41 42 42 41 42 43 44 43 42 44 45 41 42 41 42 42 41 41 41 41 41 45 42 40 41 39 34
-3 -3 -3 -3 -3 -4 -3 -4 -4 -4 -4 -4 -3 -3 -3 -3 -2 -2 -2 -2 -2 -2 14 16 27 32 32 31 37 41 41 38 33 34 30 30 33 36 36 32 29 29 27 30 35 35 29 27 23 19 16 23 30 35 34 33 29 28 39 42 40 38 38 36 32 30 29 32 38 41 40 40 41 41 41 40 40 41 40 38 37 38 39 40 40 39 39 38 40 41 41 41 37 36 41 38
-3 -3 -3 -3 -4 -4 -4 -4 -4 -4 -4 -4 -3 -3 -3 -3 -3 -2 -2 -2 -1 12 14 14 26 38 41 41 43 40 39 38 35 31 28 29 31 35 32 30 28 27 28 26 30 32 32 33 31 23 15 19 25 29 27 22 22 24 31 34 35 34 32 32 27 28 34 34 37 41 40 40 40 40 40 40 40 40 38 39 38 35 38 38 38 38 38 39 39 38 36 35 34 33 35 35
-3 -3 -3 -4 -4 -4 -4 -4 -4 -4 -4 -4 -3 -3 -3 -3 -3 -2 -2 -1 0 11 14 15 21 36 42 40 38 38 36 37 37 35 34 30 30 30 28 27 27 28 24 25 26 29 31 31 33 24 15 22 26 21 18 18 19 24 23 24 26 29 26 25 27 31 35 37 38 39 39 39 39 39 39 39 40 38 35 36 35 36 37 36 35 35 35 33 32 35 37 35 33 33 33 32
-3 -3 -3 -4 -4 -4 -3 -4 -4 -4 -4 -4 -3 -3 -3 -3 -3 -2 -2 -1 8 11 13 16 18 25 35 38 38 35 34 37 37 35 34 31 28 29 26 29 34 32 25 22 25 26 28 31 35 25 14 18 18 15 22 31 33 36 33 26 21 24 26 32 31 34 38 38 39 38 38 38 39 40 41 40 38 36 36 36 34 36 34 33 33 33 33 30 30 31 34 34 30 31 30 27
-3 -3 -3 -4 -4 -4 -4 -4 -4 -4 -4 -3 -3 -3 -3 -3 -3 -3 -2 0 8 12 14 15 15 16 26 34 38 34 35 37 36 34 33 29 30 33 34 34 36 31 29 26 21 21 25 30 31 24 13 11 13 22 32 37 39 38 38 33 26 28 33 32 35 38 39 38 37 37 37 37 38 40 42 41 40 40 39 37 38 36 34 34 32 31 32 31 31 30 29 29 30 29 27 25
-4 -3 -3 -3 -4 -4 -4 -4 -4 -3 -4 -3 -3 -3 -3 -3 -2 -2 -2 6 7 11 13 14 13 16 23 25 25 25 29 35 34 34 34 31 32 33 34 36 37 35 33 31 31 26 18 22 26 25 15 12 14 25 34 35 39 39 38 34 32 28 34 34 36 38 37 36 36 38 36 36 38 38 38 38 38 38 39 37 37 36 34 33 33 33 33 29 30 29 28 30 30 31 28 28
-5 -4 -3 -4 -4 -4 -4 -4 -4 -3 -3 -3 -3 -2 -2 -2 -2 -2 -2 6 8 11 14 15 14 15 25 31 31 29 32 34 33 33 34 31 33 33 33 34 36 37 33 33 32 28 21 19 18 17 12 12 14 17 28 34 37 37 36 35 34 33 32 33 35 35 34 35 34 36 37 36 36 37 38 37 37 36 37 36 34 34 32 33 33 36 35 32 31 30 31 32 31 32 28 30
-5 -4 -3 -4 -4 -4 -4 -4 -4 -3 -4 -3 -2 -2 -2 -2 -2 -2 -1 -2 -2 2 10 13 17 18 24 31 33 31 33 34 31 31 32 31 32 32 31 31 34 34 33 31 29 28 24 27 30 24 17 12 13 17 25 29 31 35 36 36 39 37 31 31 30 32 33 34 34 35 37 36 35 36 40 37 36 34 34 35 35 33 36 34 33 34 35 32 30 30 31 33 37 32 27 33
-5 -4 -3 -4 -4 -4 -4 -4 -4 -4 -4 -3 -3 -2 -2 -2 -2 -2 -2 -2 -2 0 10 12 15 16 21 27 28 27 31 31 28 28 30 31 33 32 30 29 31 31 28 29 27 28 31 31 34 32 28 14 13 20 26 27 32 35 38 36 38 37 35 35 35 35 37 35 33 34 34 35 35 36 37 36 34 35 37 35 34 34 35 33 33 35 35 30 30 30 32 34 35 32 29 34
-4 -3 -3 -3 -4 -4 -4 -4 -4 -4 -4 -4 -4 -3 -2 -2 -2 -2 -2 -2 -3 -2 1 12 14 18 22 25 27 29 30 30 25 28 28 28 29 30 28 27 24 25 25 27 26 27 30 27 30 26 20 12 14 24 30 28 31 33 34 35 36 34 39 36 36 35 34 34 34 33 34 34 34 37 36 34 34 33 34 35 34 32 32 32 34 36 37 32 32 30 32 34 34 32 31 30
-4 -3 -3 -4 -4 -4 -4 -4 -4 -4 -4 -3 -3 -3 -3 -2 -2 -2 -2 -3 -4 -4 0 12 15 15 23 32 33 32 31 29 24 25 27 27 28 27 29 26 21 22 24 26 25 23 22 23 24 18 12 10 17 28 31 31 28 30 31 33 35 36 36 35 34 34 33 33 33 32 32 34 35 35 34 34 35 34 33 34 35 33 34 34 33 33 34 34 34 32 33 34 33 32 31 29
-3 -3 -3 -4 -4 -4 -4 -4 -4 -4 -4 -3 -3 -3 -3 -3 -3 -2 -3 -2 -3 -3 0 10 14 16 21 31 31 29 29 29 26 23 23 23 23 25 27 26 24 22 21 25 30 26 21 19 18 15 13 12 22 29 30 32 30 31 32 32 35 37 37 35 34 33 33 30 31 32 32 33 34 33 33 32 32 33 34 34 35 33 36 35 35 34 33 32 35 32 32 31 31 31 29 32
-3 -3 -3 -3 -4 -4 -4 -4 -4 -4 -4 -3 -3 -3 -3 -3 -3 -3 -3 -3 -3 -2 0 9 13 16 17 25 31 29 27 28 27 24 25 26 23 22 26 24 25 23 20 25 31 26 18 16 16 15 11 12 19 22 27 29 30 28 30 32 32 33 35 35 36 32 30 30 31 31 33 33 33 34 32 32 32 32 34 34 34 34 34 35 35 34 32 33 33 31 32 32 31 30 30 31
-3 -3 -3 -3 -3 -4 -3 -4 -4 -4 -3 -3 -3 -3 -3 -3 -3 -3 -3 -3 -3 -3 -1 1 10 12 16 29 29 28 26 27 28 26 27 28 24 22 25 25 22 22 20 21 27 22 14 15 17 14 10 12 25 24 21 27 29 27 27 30 28 30 31 33 32 29 28 31 31 31 33 32 32 32 32 31 31 31 32 37 34 34 33 31 31 31 32 33 34 31 31 31 33 32 31 31
-3 -4 -3 -3 -3 -4 -4 -4 -4 -4 -3 -3 -3 -3 -3 -3 -3 -3 -3 -3 -3 -4 -2 1 10 12 17 29 31 26 24 26 26 25 25 25 25 23 23 22 18 16 17 19 19 15 14 16 14 13 9 12 24 28 22 21 24 24 26 26 28 30 30 31 29 27 27 27 27 34 31 30 30 31 30 31 31 30 29 35 33 33 31 31 31 29 30 29 29 29 31 31 31 30 30 35
-3 -3 -3 -3 -3 -4 -4 -4 -4 -4 -3 -3 -3 -3 -3 -3 -3 -3 -3 -3 -3 -3 -2 1 10 12 13 24 31 27 23 23 24 24 24 24 25 24 24 23 20 18 17 16 14 11 10 11 12 10 10 16 27 26 25 21 28 30 28 26 28 32 31 29 29 28 29 28 26 29 29 29 30 30 31 31 29 30 29 33 31 32 32 30 30 28 30 28 29 28 28 30 30 30 31 31
-3 -3 -3 -3 -3 -3 -4 -4 -4 -3 -3 -3 -3 -3 -3 -3 -3 -3 -3 -3 -3 -3 -2 0 9 12 13 20 28 27 23 23 23 24 24 23 23 24 24 24 21 24 24 21 14 10 8 12 13 10 20 25 28 25 24 24 28 29 26 28 28 30 29 28 28 28 29 29 27 28 27 28 29 30 30 31 28 29 28 29 31 34 31 30 30 29 30 30 32 32 30 31 34 31 31 30
-3 -3 -3 -3 -3 -3 -3 -3 -3 -3 -3 -3 -3 -3 -3 -3 -3 -3 -3 -3 -4 -4 -2 0 2 12 14 21 29 29 25 22 22 20 20 21 20 21 22 24 25 26 25 19 10 8 6 7 10 17 25 27 26 25 25 26 25 26 28 28 28 28 26 27 28 28 28 26 28 28 28 29 29 29 29 27 28 29 28 29 30 34 32 32 30 31 32 29 30 31 29 32 38 32 30 31
-3 -3 -3 -3 -3 -3 -3 -3 -3 -3 -3 -3 -3 -3 -3 -3 -3 -3 -3 -3 -3 -3 -2 0 1 12 14 16 23 28 28 25 25 21 20 19 17 16 17 20 22 24 20 12 5 3 5 12 17 24 26 25 24 24 25 25 24 26 27 28 29 28 25 26 26 27 27 24 26 27 27 25 24 25 27 25 30 33 30 32 31 36 33 33 34 37 33 31 31 31 30 31 38 31 28 29
-3 -3 -3 -3 -3 -3 -3 -3 -3 -3 -3 -3 -3 -3 -3 -3 -3 -3 -3 -3 -3 -2 -2 -1 1 11 13 13 20 26 25 24 24 23 22 21 20 18 14 16 18 21 20 10 7 3 10 19 25 28 27 24 24 23 25 26 26 27 27 28 28 27 26 23 25 25 28 25 22 21 25 22 21 26 29 26 29 29 28 30 31 31 34 35 34 33 32 30 27 30 31 32 33 34 28 29
-3 -3 -3 -3 -3 -3 -3 -3 -3 -3 -3 -3 -3 -3 -3 -3 -3 -3 -3 -3 -2 -2 -2 0 1 8 11 11 17 26 24 22 23 23 22 22 23 23 19 16 15 16 14 10 10 4 6 18 25 27 25 23 22 23 23 24 26 27 26 26 25 27 26 23 22 24 26 26 24 22 23 24 25 24 25 24 30 31 30 33 29 29 34 31 29 30 33 29 27 30 30 29 32 32 28 30
-4 -4 -3 -3 -3 -3 -3 -3 -3 -3 -3 -3 -3 -3 -3 -3 -3 -3 -3 -3 -3 -3 -2 -1 0 9 9 12 13 19 22 20 20 20 18 20 22 23 20 17 17 17 15 14 11 6 4 14 26 27 27 25 21 20 21 22 23 23 23 23 24 27 27 24 24 26 26 25 25 24 29 29 23 27 31 28 33 36 34 31 29 28 28 28 29 28 30 28 26 25 27 28 30 30 27 24
-4 -4 -3 -3 -3 -3 -3 -3 -3 -3 -3 -3 -3 -3 -3 -3 -3 -3 -3 -3 -3 -3 -2 -2 -1 7 10 13 13 15 17 19 19 21 20 18 18 22 20 19 19 19 15 14 9 3 6 13 24 25 25 26 23 23 21 23 21 22 22 22 23 27 26 24 22 28 29 25 25 27 30 29 24 28 29 29 32 32 31 30 27 27 28 27 28 28 27 26 24 25 25 26 26 27 20 20
-5 -4 -3 -3 -3 -3 -3 -3 -3 -3 -3 -3 -3 -3 -3 -3 -3 -3 -3 -3 -3 -3 -2 -2 -1 0 8 10 10 14 18 16 17 18 18 16 17 19 21 21 19 16 15 12 0 -1 12 16 20 23 23 23 22 20 19 21 22 22 22 24 22 25 24 23 23 28 28 24 21 24 27 30 27 27 27 29 30 31 30 30 29 27 27 30 31 28 28 27 24 25 22 22 22 25 18 21
-6 -4 -3 -3 -3 -3 -3 -3 -3 -3 -3 -3 -3 -3 -3 -3 -3 -3 -3 -3 -3 -2 -2 -2 -1 -2 -1 6 8 8 12 12 10 11 17 19 16 17 15 17 16 15 14 0 -2 -3 12 14 18 21 22 22 20 17 17 18 20 21 20 20 18 18 18 24 26 27 22 18 21 28 28 28 29 30 33 31 29 30 30 30 29 28 28 26 27 28 29 26 24 23 21 19 17 19 19 25
-5 -4 -3 -3 -3 -3 -3 -3 -3 -3 -3 -3 -3 -3 -3 -3 -3 -3 -3 -3 -3 -3 -2 -2 -2 -2 -2 -1 0 5 6 6 7 9 11 16 15 18 19 11 11 12 0 -1 -2 -3 9 12 13 16 17 17 18 20 17 18 21 23 19 17 15 12 14 20 23 23 19 19 26 28 26 26 30 28 31 30 29 30 31 29 28 28 27 27 24 25 26 26 23 21 21 18 18 15 18 22
-4 -3 -3 -3 -3 -3 -3 -3 -3 -3 -3 -3 -3 -3 -3 -3 -3 -3 -3 -3 -3 -3 -3 -3 -2 -2 -2 -2 -1 0 1 4 4 7 9 10 9 11 13 12 10 0 -1 -1 -2 -2 9 11 11 16 18 17 17 17 18 14 14 15 14 15 15 19 18 18 17 15 20 24 24 24 27 28 26 26 26 25 26 27 25 25 27 27 28 28 24 22 24 26 26 27 24 21 18 17 17 20
-3 -3 -3 -3 -3 -3 -3 -3 -3 -3 -3 -3 -3 -3 -3 -3 -3 -3 -3 -3 -3 -3 -3 -3 -3 -2 -2 -2 -2 -1 0 1 3 5 8 10 8 8 9 9 9 -1 -2 -2 -1 -1 0 1 10 12 18 17 12 8 9 9 11 12 19 21 19 21 20 19 21 23 24 25 24 23 26 27 25 25 23 21 23 23 23 24 25 28 26 26 24 23 21 23 23 24 26 23 16 18 16 16
-3 -4 -3 -3 -3 -3 -3 -3 -3 -3 -3 -3 -3 -3 -3 -3 -3 -3 -3 -3 -3 -3 -3 -3 -3 -3 -2 -2 -2 -2 -2 -1 0 4 5 10 10 7 9 9 9 -2 -2 -1 0 8 11 11 7 8 9 7 6 9 12 13 13 16 23 24 21 21 22 21 25 26 25 24 23 24 25 25 24 24 24 20 23 23 25 25 24 27 25 23 23 21 18 17 19 20 17 17 16 17 18 16
-3 -3 -3 -3 -3 -3 -3 -3 -3 -3 -3 -3 -3 -3 -3 -3 -3 -3 -3 -3 -3 -3 -3 -3 -3 -3 -3 -3 -3 -3 -2 -2 -1 0 1 8 9 8 9 10 12 10 -2 -1 8 11 12 12 11 12 14 13 10 13 16 18 18 18 19 19 20 21 22 23 23 23 24 23 23 25 25 24 25 23 24 20 22 23 25 24 26 26 23 21 20 20 17 15 19 19 18 17 20 20 18 16
-3 -3 -3 -3 -3 -3 -3 -3 -3 -3 -3 -3 -3 -3 -3 -3 -3 -3 -3 -3 -3 -3 -3 -3 -3 -3 -3 -3 -3 -3 -3 -2 -2 -2 -1 0 0 8 10 9 10 11 6 -1 9 12 13 15 15 18 17 17 14 14 18 17 18 20 15 18 18 21 23 23 22 22 22 22 22 22 23 23 24 21 20 21 23 22 23 23 24 23 22 22 20 20 15 13 15 14 14 15 17 21 19 14
-3 -3 -3 -3 -3 -3 -3 -3 -3 -3 -3 -3 -3 -3 -3 -3 -3 -3 -3 -3 -3 -3 -3 -3 -3 -3 -3 -3 -3 -3 -3 -2 -2 -3 -3 -2 -1 0 0 0 9 7 5 1 11 15 17 16 16 15 14 17 15 17 17 15 18 17 16 19 19 21 23 21 21 21 21 21 21 21 22 23 23 22 21 23 22 22 22 24 24 23 23 25 22 21 17 15 19 19 15 15 16 19 19 14
-3 -3 -3 -3 -3 -3 -3 -3 -3 -3 -3 -3 -3 -3 -3 -3 -3 -3 -3 -3 -3 -3 -3 -3 -3 -3 -3 -3 -3 -3 -3 -3 -3 -3 -2 -2 -1 -1 -1 -1 -1 -1 5 5 11 15 15 15 17 17 13 13 16 19 15 17 20 19 16 17 18 19 21 19 20 20 20 20 20 20 20 21 21 19 21 22 22 22 22 23 22 22 24 27 28 25 19 17 21 21 19 20 17 17 19 14
-3 -3 -3 -3 -3 -3 -3 -3 -3 -3 -3 -3 -3 -3 -3 -3 -3 -3 -3 -3 -3 -3 -3 -3 -3 -3 -3 -3 -3 -3 -3 -2 -3 -3 -3 -2 -2 -2 -2 -1 -1 -1 0 11 13 10 12 14 14 15 14 12 13 15 15 16 17 16 12 12 15 19 22 20 18 19 19 19 19 19 19 19 19 17 20 20 20 21 21 22 22 21 21 21 23 21 20 19 20 20 17 17 17 16 14 12
-3 -3 -3 -3 -3 -3 -3 -3 -3 -3 -3 -3 -3 -3 -3 -3 -3 -3 -3 -3 -3 -3 -3 -3 -3 -3 -3 -3 -3 -3 -3 -3 -3 -3 -3 -2 -2 -2 -2 -2 -2 -1 0 10 10 12 13 13 12 12 13 13 13 14 14 16 15 13 12 13 16 19 23 20 18 18 19 19 19 18 17 17 19 16 18 17 18 20 25 21 20 20 19 20 21 20 20 20 19 20 17 13 14 16 15 11
-3 -3 -3 -3 -3 -3 -3 -3 -3 -3 -3 -3 -3 -3 -3 -3 -3 -3 -3 -3 -3 -3 -3 -3 -3 -3 -3 -3 -3 -3 -3 -3 -3 -3 -3 -2 -2 -2 -2 -2 -2 -2 -1 8 8 9 12 14 11 9 13 14 14 13 14 14 14 13 12 13 16 17 18 19 18 19 19 19 19 18 16 17 16 16 18 17 19 19 19 21 20 21 19 20 20 20 20 19 19 19 16 10 9 13 15 13
-3 -3 -3 -3 -3 -3 -3 -3 -3 -3 -3 -3 -3 -3 -3 -3 -3 -3 -3 -3 -3 -3 -3 -3 -3 -3 -3 -3 -3 -3 -3 -3 -3 -3 -3 -2 -2 -2 -2 -2 -2 -2 -1 0 9 11 11 13 12 8 10 14 14 13 14 13 14 14 14 13 15 16 15 18 19 19 17 18 18 17 16 16 13 13 15 16 18 18 19 18 17 16 17 18 19 19 19 19 19 19 17 14 12 12 13 14
-3 -3 -3 -3 -3 -3 -3 -3 -3 -3 -3 -3 -3 -3 -3 -3 -3 -3 -3 -3 -3 -3 -3 -3 -3 -3 -3 -3 -3 -3 -3 -3 -3 -3 -3 -2 -2 -2 -2 -2 -2 -2 -2 -1 1 10 11 12 13 12 10 12 16 13 12 13 15 15 14 13 13 14 14 15 17 16 16 17 18 17 15 14 12 11 15 15 12 14 16 20 18 16 17 19 18 18 19 20 23 19 17 12 13 12 13 13
-3 -3 -3 -3 -3 -3 -3 -3 -3 -3 -3 -3 -3 -3 -3 -3 -3 -3 -3 -3 -3 -3 -3 -3 -3 -3 -3 -3 -3 -3 -3 -3 -3 -3 -3 -3 -2 -2 -2 -2 -2 -3 -2 -2 0 2 10 12 10 9 10 11 10 9 11 13 14 14 14 13 12 14 13 13 16 16 16 16 18 19 17 15 14 12 14 15 14 14 18 18 17 17 17 17 18 19 19 20 25 23 20 17 15 13 15 16
-3 -3 -3 -3 -3 -3 -3 -3 -3 -3 -3 -3 -3 -3 -3 -3 -3 -3 -3 -3 -3 -3 -3 -3 -3 -3 -3 -3 -3 -3 -3 -3 -3 -3 -3 -3 -3 -2 -2 -2 -2 -2 -2 -2 -2 0 1 12 10 8 11 16 14 11 9 11 12 13 13 13 13 13 13 13 18 16 15 17 18 18 17 15 16 13 11 13 14 15 15 17 19 17 17 16 17 22 23 23 24 21 20 18 14 11 10 10
-3 -3 -3 -3 -3 -3 -3 -3 -3 -3 -3 -3 -3 -3 -3 -3 -3 -3 -3 -3 -3 -3 -3 -3 -3 -3 -3 -3 -3 -3 -3 -3 -3 -3 -3 -3 -3 -3 -2 -2 -2 -2 -2 -2 -2 -1 0 1 7 11 12 12 11 12 8 9 9 11 12 12 12 11 11 13 15 13 13 14 15 16 16 15 13 11 11 13 14 15 16 17 18 16 18 17 17 18 20 21 23 19 18 17 17 16 14 14
-3 -3 -3 -3 -3 -3 -3 -3 -3 -3 -3 -3 -3 -3 -3 -3 -3 -3 -3 -3 -3 -3 -3 -3 -3 -3 -3 -3 -3 -3 -3 -3 -3 -3 -3 -3 -3 -3 -3 -2 -2 -2 -2 -2 -2 -2 -2 -1 0 9 15 10 9 10 10 9 8 10 9 10 10 12 12 14 12 12 13 14 14 15 15 14 13 14 10 12 15 16 15 15 18 16 19 17 15 16 17 17 20 21 19 21 20 18 18 16
-3 -3 -3 -3 -3 -3 -3 -3 -3 -3 -3 -3 -3 -3 -3 -3 -3 -3 -3 -3 -3 -3 -3 -3 -3 -3 -3 -3 -3 -3 -3 -3 -3 -3 -3 -3 -3 -3 -3 -3 -2 -2 -2 -2 -2 -3 -3 -2 0 1 11 12 7 7 8 9 8 10 10 9 10 14 13 15 12 11 11 12 12 12 15 11 12 11 10 13 14 13 14 16 18 16 16 15 16 16 15 16 18 17 16 18 20 20 17 17
