frederic_1979/mobile_bay.asc
ncols        459
nrows        192
xllcorner    -88.816666666667
yllcorner    30.037500000000
cellsize     0.004166666667
NODATA_value -32767
[rows 0 to 60 of 192, columns 0 to 95 of 459]
22 23 23 24 23 20 27 39 49 45 34 31 27 28 28 23 17 17 16 18 15 13 19 19 19 17 15 18 19 22 22 37 39 36 47 51 51 48 40 44 40 44 42 41 40 42 43 51 62 66 64 64 59 50 50 50 60 71 75 70 67 67 73 71 64 60 60 57 57 62 69 74 75 74 65 63 61 57 55 51 47 40 35 37 41 32 32 33 31 27 28 30 35 38 42 44
18 20 23 23 18 17 21 34 45 46 38 30 27 26 28 24 20 21 21 15 14 14 18 18 15 18 18 15 18 21 20 27 36 43 42 46 45 43 38 40 35 34 37 39 41 46 49 51 57 60 55 56 58 57 48 47 52 58 70 66 65 68 71 65 59 54 55 59 66 66 63 69 75 75 73 72 68 59 53 49 47 42 38 33 34 30 31 28 27 30 32 36 47 51 60 56
19 21 24 23 17 16 19 32 40 36 37 35 30 24 23 22 19 20 18 20 16 13 13 14 14 19 15 15 19 24 27 26 28 41 48 52 49 45 38 35 42 39 43 45 47 50 49 49 52 55 53 54 61 63 55 45 48 56 66 58 64 67 62 56 50 54 59 66 72 71 69 71 73 73 73 70 67 61 51 48 50 42 36 33 30 28 31 26 27 31 37 47 64 71 73 65
20 21 22 23 20 18 21 27 36 35 33 32 34 29 25 24 16 17 21 23 21 16 13 12 14 19 18 18 21 24 25 27 26 31 46 51 45 36 33 39 46 45 46 48 51 50 50 48 49 52 55 56 60 64 56 46 48 55 63 55 60 69 58 50 55 62 65 66 69 70 70 71 72 72 73 65 53 48 44 43 45 45 36 29 29 30 30 27 28 33 47 54 65 69 69 74
22 25 21 20 16 18 20 21 27 32 33 31 32 32 30 27 18 20 21 19 21 19 18 12 13 18 14 14 20 21 22 23 23 26 39 50 47 34 31 37 41 46 49 48 52 49 47 50 51 52 54 53 54 57 53 49 42 46 58 54 55 65 58 48 56 66 71 72 72 68 71 72 73 76 75 70 59 47 41 40 38 41 37 29 26 28 29 29 37 44 52 55 58 57 68 77
31 27 23 21 15 16 17 21 21 25 33 35 31 32 39 34 23 16 21 20 21 20 22 20 17 19 14 13 18 19 17 17 20 23 32 35 40 32 30 41 42 42 48 47 50 55 45 46 50 53 53 50 54 59 59 54 45 43 47 49 52 63 64 51 51 60 67 73 71 66 66 72 72 74 72 68 59 48 40 38 37 35 33 28 26 27 29 32 43 50 51 50 53 60 66 78
39 31 28 26 18 15 16 18 18 21 30 32 30 31 35 30 23 17 20 22 20 21 21 21 19 20 15 13 18 19 15 14 18 20 23 26 29 29 29 38 45 43 47 45 43 48 41 44 51 54 54 49 50 55 57 54 49 40 44 51 55 65 62 50 48 62 67 67 69 66 68 71 70 67 67 66 58 47 42 37 36 38 36 25 25 27 28 36 45 49 49 52 57 55 56 70
42 42 36 28 20 16 16 21 19 23 28 30 25 25 26 26 24 20 18 22 20 21 21 18 20 21 20 19 19 19 16 15 16 16 25 40 38 41 42 39 43 46 50 49 44 41 39 46 50 51 50 48 49 50 50 51 42 38 43 44 48 55 52 47 48 64 65 65 65 67 71 70 71 64 60 60 52 46 42 39 36 34 33 25 27 28 29 31 39 47 48 54 52 50 48 57
35 40 39 31 25 19 19 22 22 23 23 24 23 25 23 25 27 23 17 14 13 14 20 19 21 22 21 20 19 17 16 16 15 15 23 34 43 44 48 48 50 49 49 46 41 38 38 43 43 42 46 48 48 47 48 49 46 37 37 41 48 58 53 44 48 59 63 64 61 63 66 68 69 66 64 57 49 41 38 39 36 35 31 26 28 25 27 31 35 39 47 50 49 48 50 58
40 42 37 41 36 26 21 19 19 21 20 18 19 20 22 28 28 23 19 15 14 10 16 21 21 19 15 15 18 19 18 18 14 12 18 33 42 44 43 47 48 46 48 45 45 38 40 45 40 42 47 47 48 49 47 45 49 42 36 46 55 56 53 48 46 55 59 59 56 65 65 65 64 63 64 59 51 41 37 34 34 32 24 25 24 30 30 33 35 37 41 44 43 48 56 59
30 36 32 41 45 37 26 18 18 19 18 16 21 22 19 23 25 22 23 21 16 13 11 13 14 11 16 17 14 17 16 14 13 14 15 25 38 43 41 40 42 45 44 46 47 41 36 38 38 40 45 48 48 47 42 39 47 44 39 49 51 49 52 51 44 47 52 51 54 60 62 61 61 63 63 62 56 47 40 34 33 30 23 27 27 31 31 33 40 46 48 49 51 53 58 62
27 27 34 38 36 34 29 19 18 20 18 15 16 21 23 26 22 23 24 22 18 19 18 18 16 17 19 21 18 14 16 14 14 18 13 13 31 40 36 33 35 35 38 45 41 35 34 44 45 44 43 47 50 50 48 42 42 40 38 50 48 46 46 47 42 38 42 48 52 52 57 57 59 63 63 63 64 56 43 37 31 25 22 27 29 31 33 35 42 49 50 47 46 51 55 60
31 28 37 41 33 31 28 27 23 18 17 17 17 20 20 22 20 21 23 20 20 20 20 19 21 20 20 20 18 14 13 14 14 16 12 12 22 31 30 29 28 30 32 40 33 29 39 44 47 50 47 45 48 53 50 47 41 34 33 40 49 44 45 47 48 47 43 43 48 46 52 56 59 62 62 60 55 50 41 34 27 21 22 24 29 30 31 33 41 49 47 45 45 51 57 60
23 21 25 32 31 28 27 27 28 16 15 16 19 18 18 20 16 16 23 23 21 21 23 23 22 22 20 19 19 20 14 13 16 16 17 16 18 20 21 24 26 28 30 37 30 38 45 45 46 48 48 47 49 52 47 47 42 33 36 41 47 46 46 48 50 51 41 41 42 39 44 53 58 56 61 59 48 42 37 31 29 25 25 26 30 30 26 30 39 49 49 49 48 53 61 61
22 22 24 29 31 31 27 26 25 16 13 14 16 19 18 21 21 19 20 20 21 21 20 21 21 21 20 21 22 21 21 17 13 15 20 16 15 16 17 17 22 28 32 30 26 37 42 43 44 45 45 44 43 45 44 42 35 34 42 46 45 50 48 46 45 43 38 38 38 39 42 47 51 52 59 54 47 38 34 29 27 25 25 25 26 27 27 31 39 46 43 44 46 54 63 66
20 21 23 26 30 29 27 26 30 28 24 29 27 17 13 17 20 20 20 19 20 21 20 19 18 20 20 21 19 16 19 20 14 17 19 15 14 14 14 13 20 29 28 24 23 28 37 42 42 41 42 41 41 41 43 42 33 34 40 40 41 47 49 44 42 37 38 40 41 44 51 51 51 52 54 54 47 35 30 28 27 25 26 27 26 25 28 32 35 44 46 44 48 59 69 63
19 19 19 20 24 27 29 27 32 32 27 29 31 27 21 18 20 20 19 19 20 20 20 18 17 18 19 19 18 17 19 18 15 17 16 15 16 15 15 18 23 23 23 21 22 24 31 39 40 39 40 40 40 40 42 43 37 31 35 37 40 45 44 39 35 33 39 47 49 47 51 51 51 50 53 52 39 32 28 25 25 25 25 26 27 29 31 33 36 44 46 46 51 54 59 54
20 18 16 16 18 23 30 29 32 31 24 24 26 30 31 29 24 18 19 18 19 15 16 18 17 17 18 19 18 19 19 20 17 16 16 14 13 17 15 17 16 16 17 19 21 24 33 38 38 37 39 39 40 40 42 44 39 29 37 45 45 41 31 32 31 33 39 42 49 49 50 51 51 51 52 52 44 36 29 25 25 25 25 27 24 30 30 32 35 38 44 47 50 56 60 51
19 19 17 14 17 25 26 24 28 25 23 24 26 29 29 27 25 25 19 17 17 16 17 17 16 18 18 19 17 17 19 20 20 19 18 16 14 17 17 16 13 12 14 22 23 26 32 35 35 36 38 38 40 40 41 42 40 33 31 41 35 29 31 32 34 39 39 39 43 50 52 52 52 51 52 50 42 39 33 29 28 27 26 26 23 29 29 36 37 37 47 52 52 58 61 49
25 20 18 18 19 18 19 23 23 24 22 22 25 26 26 21 20 22 18 15 16 23 22 17 20 21 19 18 18 17 18 20 20 19 20 15 14 15 14 12 12 11 12 20 22 27 31 37 36 31 31 34 39 40 41 40 40 37 29 36 30 29 36 42 41 42 44 43 45 47 50 52 52 51 52 50 42 36 31 27 29 28 24 26 24 26 28 31 35 37 42 49 52 54 53 47
34 29 25 23 20 19 19 21 22 24 22 23 23 21 21 19 17 18 17 16 16 17 23 19 19 20 18 17 18 18 18 20 20 20 21 18 14 12 10 11 11 9 13 22 26 24 27 29 30 31 30 30 38 42 41 39 40 37 27 28 25 32 41 43 43 37 42 43 46 45 48 51 51 50 49 48 44 37 33 29 29 29 22 26 25 25 29 30 35 41 46 50 49 46 48 43
40 36 32 24 19 17 20 20 20 20 19 20 22 18 19 20 20 20 19 20 21 20 21 19 17 14 15 18 18 19 19 18 20 20 17 17 17 14 12 16 13 9 14 20 23 24 25 23 28 27 30 34 38 41 42 42 40 37 26 22 23 33 42 40 35 35 42 45 44 43 47 48 48 48 48 46 40 36 35 31 28 24 20 21 24 26 26 27 35 44 45 44 42 37 38 43
36 35 32 26 21 17 19 20 18 18 17 17 19 17 19 20 20 24 23 20 22 22 23 26 22 20 14 17 18 18 19 18 17 19 18 17 17 15 17 20 19 14 14 18 17 20 23 27 27 24 26 37 41 43 43 41 36 34 26 20 22 29 36 32 28 34 39 36 33 40 42 43 44 44 47 47 45 43 38 29 26 24 22 20 22 24 25 27 33 40 46 43 36 35 48 50
32 30 30 26 24 23 16 18 18 16 17 17 17 17 22 23 22 25 25 21 22 22 23 26 24 27 21 18 18 17 18 18 18 17 18 18 19 14 18 19 17 15 15 15 17 21 22 27 26 20 20 29 38 41 40 38 32 28 23 21 23 25 26 25 25 27 30 30 34 41 42 42 41 41 47 48 50 49 38 28 27 26 26 24 27 26 26 26 35 40 48 45 37 34 42 40
34 28 30 28 25 21 16 15 18 17 16 16 14 14 19 23 21 20 24 23 18 19 22 23 23 25 19 15 18 17 18 19 18 18 19 16 17 13 17 18 17 15 15 15 16 19 23 24 24 22 21 27 33 36 39 40 34 23 21 22 24 24 24 33 29 29 29 32 35 42 42 42 42 42 46 46 48 47 36 32 31 28 28 27 26 26 24 25 28 38 44 43 36 30 36 46
32 29 26 25 23 23 23 23 22 20 17 20 18 15 16 14 13 15 20 17 15 17 19 21 21 20 18 18 17 17 19 20 19 19 19 19 13 14 16 14 15 13 11 12 12 16 22 23 21 20 20 24 25 30 36 37 27 21 19 23 27 25 29 36 38 37 32 34 34 36 39 41 43 44 44 45 44 44 42 40 36 30 30 26 25 24 23 23 23 30 37 36 31 40 47 54
40 35 31 30 29 24 21 24 24 20 21 20 18 17 16 16 16 16 16 14 11 14 15 17 18 17 16 16 17 19 20 20 19 19 19 19 16 15 15 12 13 11 11 15 14 14 18 18 21 23 20 23 23 25 28 32 24 19 19 28 37 38 35 37 41 37 37 39 39 38 37 39 42 43 44 44 41 36 37 37 41 40 34 27 23 22 21 21 25 28 30 29 34 49 57 59
36 36 34 31 33 28 24 21 19 19 19 18 17 18 17 16 18 17 17 17 14 10 13 14 17 15 15 16 17 18 19 19 19 19 20 19 16 20 19 14 16 14 13 15 12 14 14 15 16 21 21 22 24 21 21 22 19 18 21 31 35 35 37 39 42 37 39 40 39 37 38 39 41 42 43 42 41 40 38 35 39 39 31 26 22 21 21 22 24 26 28 31 36 46 52 57
36 39 36 30 27 26 23 21 21 20 21 19 19 23 24 20 21 16 19 18 17 15 16 14 14 12 14 16 17 16 18 18 18 19 20 20 19 18 17 13 13 11 14 13 12 17 18 16 17 19 21 23 23 20 15 16 17 19 22 26 29 32 37 41 40 37 36 38 41 41 39 41 41 41 40 40 41 39 37 35 36 36 30 25 24 22 22 19 21 24 31 37 36 43 52 55
33 40 39 34 28 24 22 19 20 21 22 25 22 25 28 20 24 28 23 22 16 14 17 16 16 16 12 13 13 14 15 15 17 17 19 20 20 18 19 18 18 15 12 12 14 17 16 13 15 16 19 21 22 17 15 17 23 22 21 24 31 36 34 38 40 38 35 35 38 39 40 38 37 36 38 40 41 38 38 37 36 33 29 24 24 26 23 19 22 22 33 41 40 43 49 53
30 31 33 32 34 25 21 19 21 23 24 28 29 33 36 29 25 30 28 20 22 21 17 13 15 18 16 14 16 16 13 12 17 18 17 19 18 20 20 19 18 14 12 10 10 11 13 14 14 14 14 15 14 12 14 18 22 22 21 22 28 32 32 37 37 37 31 30 33 37 39 38 36 35 36 42 40 38 38 36 36 32 28 24 22 21 20 18 22 24 29 38 40 42 47 51
27 27 27 27 27 22 20 21 22 23 24 28 36 44 40 34 30 32 30 24 29 28 21 13 15 14 14 16 16 16 11 11 16 18 18 17 17 19 19 18 16 11 12 12 11 12 18 18 18 16 13 12 11 11 15 18 21 20 19 21 27 34 38 40 39 35 31 31 32 37 40 38 36 36 37 40 38 39 38 39 36 30 28 26 24 21 20 20 19 22 29 38 43 44 44 43
29 25 25 25 22 20 21 22 22 26 29 33 44 53 52 43 35 37 33 29 31 33 30 19 18 15 11 12 13 14 13 15 17 18 17 18 17 17 16 18 18 15 12 13 12 13 13 14 15 15 10 10 10 10 16 18 19 18 19 21 21 23 26 28 33 33 28 28 29 36 43 39 36 37 37 37 37 38 40 40 38 31 28 26 24 21 22 21 20 23 31 39 42 44 39 36
32 29 25 26 27 24 24 24 23 28 32 37 47 52 55 50 38 35 41 41 38 40 40 28 23 20 21 14 16 18 14 15 16 16 17 15 16 14 13 18 15 18 16 13 12 12 12 11 11 11 14 12 11 10 12 16 18 17 19 21 19 20 20 21 25 31 26 29 33 34 39 36 36 36 35 34 37 35 37 38 35 30 26 25 24 19 20 20 21 24 31 34 37 36 33 37
35 30 28 26 24 22 24 26 24 25 30 37 47 51 50 51 39 35 40 42 38 42 42 30 26 24 27 31 31 31 21 18 16 18 17 16 16 14 15 18 18 18 18 12 11 11 10 10 9 10 15 13 10 12 12 17 17 18 18 19 19 20 20 18 19 25 27 31 31 28 28 31 37 36 36 35 34 33 33 37 37 31 26 24 24 22 18 19 21 28 31 31 30 28 32 35
31 29 29 30 30 31 35 31 28 24 28 39 43 43 45 43 40 37 38 41 37 39 42 36 36 37 34 39 37 37 25 21 19 16 15 16 15 10 15 17 17 16 18 14 10 10 11 9 10 12 11 9 9 10 12 13 13 13 16 18 17 18 20 20 20 22 23 26 25 25 27 34 36 37 37 35 35 35 34 36 37 32 28 25 22 21 18 19 21 27 27 27 28 28 32 37
33 34 36 35 38 37 35 31 29 27 28 36 40 39 41 39 37 34 33 35 34 37 42 44 48 53 48 44 33 25 25 22 21 15 13 15 15 11 14 15 16 17 16 15 11 10 9 10 12 12 10 9 11 11 10 10 11 14 19 19 17 17 20 22 21 20 20 18 22 26 28 32 33 35 35 35 35 35 35 32 33 31 29 26 21 21 18 19 20 21 24 33 33 29 31 37
39 39 39 38 39 34 33 34 34 33 31 34 33 36 40 37 34 33 32 32 31 34 36 38 46 55 48 48 35 31 36 26 22 17 14 14 14 15 15 15 17 19 17 15 12 9 9 10 13 15 13 11 12 10 10 11 15 18 20 20 19 16 17 21 21 20 20 19 20 25 26 31 33 33 34 35 32 34 34 32 29 30 28 26 20 19 19 18 21 21 28 36 36 29 29 38
41 40 42 41 39 37 35 35 36 36 39 44 40 38 39 38 35 38 38 38 34 32 31 34 40 51 47 40 34 39 45 35 24 17 13 13 12 15 15 12 15 15 17 15 12 13 11 11 12 13 14 13 13 12 11 11 15 21 23 22 21 19 19 23 22 19 19 18 20 22 25 30 35 33 34 33 33 32 30 29 28 28 25 23 21 19 18 18 20 21 27 34 32 36 34 34
45 46 48 47 46 44 38 39 41 42 45 44 46 45 44 42 41 40 38 38 36 30 28 31 34 40 44 39 35 42 46 36 24 22 18 14 14 16 16 15 14 13 17 14 14 17 16 15 15 14 11 12 11 11 12 14 17 24 23 22 22 23 23 23 22 22 18 17 21 23 26 32 36 34 35 35 36 30 31 29 30 28 23 24 23 19 17 18 19 24 30 29 31 34 35 35
49 53 51 47 47 49 46 47 44 49 49 46 47 47 42 40 38 35 34 35 35 33 29 28 33 36 34 36 36 45 52 44 37 29 24 16 13 15 16 16 14 12 14 12 12 14 17 16 14 13 13 12 9 10 11 13 12 15 20 22 23 21 22 22 20 19 17 21 23 24 24 26 29 34 35 35 32 33 33 30 29 28 24 21 19 18 15 17 18 17 21 20 23 31 37 37
48 53 48 44 45 42 43 47 48 49 48 43 41 39 37 36 36 34 32 32 31 30 30 28 32 38 34 32 38 46 53 51 44 40 30 16 15 14 15 14 12 13 12 12 13 15 16 12 8 7 10 11 9 8 12 14 12 9 16 22 23 21 21 20 20 19 17 18 20 21 22 27 29 36 36 35 32 35 33 32 28 25 25 25 21 18 16 17 19 17 18 22 23 29 37 37
46 44 43 42 40 40 42 46 47 46 45 46 44 41 40 38 41 38 35 35 35 34 34 29 28 30 31 32 37 48 53 51 47 50 42 26 17 14 12 13 15 16 15 13 13 13 16 17 15 10 11 11 9 12 12 14 14 9 14 23 21 21 21 22 20 18 19 18 19 21 24 28 28 30 32 35 37 36 34 34 32 29 27 28 22 18 16 18 19 19 19 22 23 28 37 36
42 39 39 40 39 37 40 43 48 49 47 47 45 44 44 43 45 39 34 34 34 31 31 26 26 28 27 28 31 43 50 47 43 50 49 43 21 12 11 12 14 13 15 15 14 12 15 17 16 14 14 15 15 13 11 11 10 15 19 21 20 20 19 19 20 19 18 18 19 22 24 26 28 28 30 33 34 34 34 33 32 30 29 29 25 20 16 16 18 18 17 19 22 28 32 32
41 40 37 38 38 36 42 45 47 52 51 49 47 46 46 43 42 36 33 31 32 30 29 30 37 37 32 29 30 38 42 41 43 50 51 43 32 24 21 14 13 12 11 10 12 12 16 17 17 16 16 16 15 13 11 14 12 18 20 22 20 19 18 18 19 21 21 19 19 23 23 24 26 29 29 29 31 30 29 31 30 29 29 28 28 23 19 17 18 18 17 18 22 26 27 33
40 37 34 33 34 38 44 47 45 47 47 49 51 51 50 42 38 38 38 34 36 34 32 41 47 42 40 33 28 35 37 45 51 54 49 49 46 42 37 14 12 11 13 12 12 15 18 17 17 15 14 16 14 13 11 12 12 16 18 19 19 19 19 18 18 18 19 20 20 21 23 21 25 27 26 26 30 29 29 29 31 28 27 28 27 24 19 19 20 19 19 20 22 27 31 36
41 38 34 32 37 45 48 48 43 44 44 48 49 51 49 43 40 41 40 36 38 38 36 41 45 44 37 29 26 28 32 44 51 49 44 49 43 37 32 13 9 12 16 16 15 17 18 18 16 16 15 16 12 12 12 11 13 15 17 18 19 20 21 18 18 19 18 20 20 20 21 24 23 23 26 27 28 28 28 28 33 27 26 25 26 27 19 23 23 20 17 18 20 28 30 30
41 40 35 32 39 44 47 44 40 43 47 49 52 49 47 46 46 45 41 41 41 39 38 35 37 41 37 30 27 26 31 37 39 39 41 45 50 40 30 17 11 15 16 14 16 17 16 17 16 12 12 13 12 11 12 14 11 14 19 20 19 20 20 19 18 19 17 18 17 17 20 22 23 24 26 27 28 29 29 30 27 25 25 27 25 26 25 24 19 17 17 18 16 20 27 31
39 37 31 31 37 42 47 42 38 44 46 45 47 47 45 47 49 46 41 38 37 36 34 33 31 31 27 25 23 23 28 32 32 41 43 41 46 43 36 14 12 12 13 15 16 17 18 15 12 10 12 12 13 15 14 15 12 14 21 22 18 20 19 18 17 17 17 18 17 16 19 21 20 24 25 25 28 29 27 30 25 25 26 26 26 25 23 20 19 18 17 17 15 21 31 37
35 33 28 31 34 39 40 39 43 46 43 44 44 43 44 48 47 47 46 39 38 36 33 30 29 30 34 33 25 26 27 27 33 39 38 38 43 44 41 17 13 13 14 14 15 15 15 10 10 11 11 11 11 14 14 13 11 17 20 21 19 18 18 18 19 18 18 16 17 17 18 22 20 23 25 26 29 29 28 29 29 26 26 25 26 26 23 19 16 16 17 15 15 21 31 35
29 29 26 29 32 36 35 32 41 46 44 42 41 38 41 46 47 44 45 44 40 37 35 34 36 43 42 38 31 26 26 26 30 32 30 35 39 44 43 26 12 11 13 12 15 14 11 12 10 12 15 16 15 15 12 10 12 15 18 21 19 19 18 17 18 18 17 16 17 16 17 18 18 22 26 26 28 32 28 31 31 26 25 26 25 24 25 22 16 17 19 16 14 20 30 35
28 30 26 27 33 36 37 31 36 40 43 43 38 41 42 43 43 41 44 46 43 42 42 40 40 41 38 37 37 34 33 28 27 28 33 33 35 38 40 34 24 12 11 10 11 11 9 8 13 14 15 16 13 14 12 8 9 11 14 19 19 19 17 19 17 18 17 16 16 16 16 17 18 21 24 26 25 30 27 27 28 26 26 32 26 24 23 19 16 15 14 14 12 19 29 33
26 26 24 26 31 36 38 33 34 39 41 38 36 42 45 43 42 39 43 43 43 46 45 44 45 44 40 37 32 29 29 28 25 27 35 37 40 46 42 31 28 15 9 9 10 10 11 10 14 15 15 14 14 15 12 11 8 10 12 14 20 19 17 19 19 18 17 16 16 17 17 16 17 20 22 24 25 27 28 25 27 27 28 28 26 23 21 18 15 15 14 15 15 20 28 32
26 26 23 24 30 37 38 38 35 36 34 35 37 43 40 45 45 39 38 39 42 43 45 46 46 44 44 38 33 33 26 25 22 24 28 32 39 35 36 40 37 23 9 9 10 8 10 13 12 14 12 9 12 13 12 8 6 8 11 12 18 19 18 20 18 19 19 18 16 15 16 16 15 16 18 22 23 22 25 24 25 26 26 26 26 22 19 16 15 15 14 17 18 29 34 33
32 30 24 22 26 30 36 37 34 32 32 35 36 38 37 38 40 40 33 35 40 40 42 40 41 41 44 40 37 33 31 30 23 22 27 27 28 30 36 40 32 29 12 13 12 12 12 11 10 9 11 10 11 12 11 6 6 8 10 16 20 19 18 17 18 18 19 18 16 15 15 15 15 15 17 19 23 23 25 25 25 25 23 23 23 24 18 16 16 18 15 16 14 20 31 30
34 29 24 22 22 25 30 33 31 29 34 34 35 33 34 34 39 37 32 35 38 41 40 37 35 39 39 42 40 35 36 29 24 19 23 30 33 38 40 39 34 25 10 12 13 12 13 9 10 7 9 12 11 8 9 11 13 9 13 18 19 21 20 17 17 19 18 17 17 15 16 14 15 14 15 20 24 24 25 24 24 23 23 22 23 22 17 17 18 16 13 15 13 15 24 31
35 34 27 25 23 21 22 29 26 28 33 31 35 32 32 34 36 38 33 32 34 40 40 41 39 37 34 38 39 39 32 28 24 19 19 29 32 37 41 35 29 25 12 11 13 10 11 12 10 9 12 9 9 10 9 11 10 11 16 20 18 20 20 18 18 18 18 16 18 16 16 16 15 14 15 18 23 23 25 25 23 25 27 25 25 21 15 13 12 12 12 13 18 17 23 27
29 30 29 26 23 22 20 22 23 25 26 27 31 31 31 31 33 40 36 30 30 34 38 40 37 37 36 31 33 36 32 31 29 25 19 24 29 33 37 35 30 33 20 11 10 9 10 12 11 11 12 9 11 11 8 8 9 11 15 18 18 20 18 18 17 17 17 16 17 17 15 17 17 15 14 16 19 21 25 25 23 23 24 22 19 16 14 13 12 12 13 15 21 21 22 23
29 30 29 25 23 20 18 19 22 25 26 25 31 32 26 27 34 40 39 35 31 34 36 38 38 35 34 29 25 27 34 25 23 22 18 22 32 36 39 38 38 35 30 19 12 9 10 10 11 11 11 9 9 10 10 9 10 9 10 13 18 20 17 17 18 16 16 16 14 15 15 14 14 15 14 15 20 24 26 24 23 24 23 19 16 14 12 13 13 13 14 17 23 22 22 23
29 27 27 27 27 24 20 19 21 25 27 23 26 31 26 27 33 37 35 31 26 32 36 33 31 34 34 33 31 25 31 26 23 21 18 20 27 35 42 39 35 33 27 23 13 12 12 9 9 10 10 11 13 13 13 10 11 9 8 12 17 17 20 20 18 17 15 14 15 13 13 13 13 15 17 15 20 20 21 21 22 24 22 17 16 16 15 15 12 12 14 21 22 21 21 22
30 27 24 26 28 23 20 19 19 21 25 22 22 24 23 24 26 28 31 29 27 31 34 34 32 32 31 30 34 25 29 31 28 23 18 17 28 33 36 38 38 33 33 26 14 13 11 9 13 13 13 13 12 10 13 12 10 11 8 10 15 15 18 19 19 17 15 13 13 13 12 12 12 18 18 16 18 17 16 18 20 22 21 16 15 15 16 15 13 14 17 24 20 19 21 20
