frederic_1979/mobile_bay.asc
ncols        459
nrows        192
xllcorner    -88.816666666667
yllcorner    30.037500000000
cellsize     0.004166666667
NODATA_value -32767
[rows 0 to 60 of 192, columns 192 to 287 of 459]
7 8 8 6 7 7 6 6 7 7 7 7 9 8 7 5 4 5 7 7 6 8 11 10 3 5 16 26 28 30 31 32 42 52 46 45 55 62 56 63 75 76 75 73 67 64 66 62 66 78 74 69 63 60 61 66 72 77 80 77 71 68 76 81 82 82 81 74 72 70 58 56 58 65 76 71 62 59 56 54 52 51 58 67 60 65 56 52 55 51 45 42 42 46 48 45
6 8 8 6 8 8 7 7 7 7 7 8 7 6 5 3 3 4 7 8 7 10 12 8 3 10 24 31 30 29 31 31 39 43 42 44 53 68 68 68 74 75 75 72 69 68 56 61 71 75 69 68 61 60 59 69 74 75 78 75 69 67 73 78 81 81 76 71 65 62 59 54 60 69 72 74 68 63 59 55 52 52 52 58 67 73 62 60 64 55 47 44 45 55 61 62
6 6 6 7 6 7 7 6 7 7 6 7 7 6 6 3 3 4 6 7 7 9 12 8 3 16 29 30 29 30 31 30 32 35 35 43 59 67 62 70 72 73 70 64 63 60 56 67 74 76 70 62 52 53 59 69 73 73 73 73 68 61 68 78 81 77 72 67 69 60 55 53 58 70 64 66 70 63 61 56 50 49 50 54 60 71 72 67 62 57 46 48 53 60 54 51
7 5 5 7 5 5 5 6 6 6 6 6 6 6 5 3 3 5 5 7 6 7 9 7 4 19 27 27 29 29 30 30 33 38 43 49 59 62 56 66 64 58 65 61 56 53 61 68 72 76 71 58 44 53 64 70 71 73 71 68 64 59 66 76 79 72 67 62 66 61 55 54 55 61 60 60 69 64 63 58 54 52 49 48 54 60 67 67 59 55 53 56 54 50 46 42
4 5 5 7 7 5 4 5 5 5 5 4 3 5 5 5 7 6 6 6 5 6 7 6 9 21 28 28 26 24 23 26 31 35 42 51 62 52 53 54 55 47 58 55 46 49 54 65 72 72 65 56 45 58 62 62 72 70 69 66 61 57 63 74 77 71 64 60 65 65 62 63 56 55 63 68 69 66 56 54 56 55 49 45 48 49 60 70 67 66 59 55 54 49 49 51
4 5 6 5 6 6 5 6 5 3 3 3 5 6 6 6 9 9 6 6 6 6 6 3 11 16 27 28 25 22 18 21 27 32 41 58 63 44 47 39 38 39 40 42 46 63 60 65 76 71 63 54 44 59 62 56 62 63 62 63 60 56 62 72 74 67 59 57 61 63 60 60 55 60 67 64 67 60 56 57 54 51 48 44 46 46 55 67 72 72 62 54 47 47 51 50
4 4 5 5 5 5 3 4 6 5 3 5 5 6 6 6 7 8 9 7 7 7 3 3 11 20 24 27 24 22 19 23 28 32 40 53 61 44 40 35 35 37 46 49 60 67 66 68 75 71 67 54 41 60 66 52 49 53 50 57 55 55 59 68 72 72 66 56 58 67 68 59 55 61 62 62 70 67 58 52 51 49 46 45 45 53 58 69 71 68 58 55 55 53 54 47
4 3 3 4 3 3 3 6 6 6 4 5 5 6 6 5 6 5 5 8 8 4 2 3 11 21 27 27 24 23 22 27 29 33 41 49 54 38 33 35 39 46 57 64 64 70 65 67 72 75 70 54 38 45 50 45 47 46 47 52 52 52 55 65 71 71 63 56 59 70 69 55 50 52 61 67 67 66 59 54 49 50 46 46 46 50 57 68 65 66 59 57 54 51 47 42
2 3 4 5 5 5 4 8 6 3 2 2 4 5 5 5 5 4 3 4 5 3 2 3 11 22 27 24 24 23 29 26 24 35 43 44 38 40 47 46 51 59 66 68 71 70 59 56 66 62 69 64 43 35 36 37 45 48 47 52 54 53 54 60 67 73 63 51 54 67 69 60 49 50 55 60 69 63 55 50 51 47 44 45 43 48 51 64 63 57 59 59 52 51 45 46
2 2 3 5 5 5 4 6 4 1 1 1 2 5 6 4 4 4 4 4 4 4 6 3 9 17 21 26 21 18 25 26 40 54 48 38 34 46 54 48 54 64 61 64 69 67 55 48 57 50 61 54 40 33 37 42 50 49 50 54 56 57 53 54 59 64 56 48 50 60 68 57 50 46 49 55 61 59 57 54 48 48 43 44 41 45 47 57 60 52 57 56 51 52 46 46
3 2 3 4 5 4 4 6 3 0 0 1 3 5 5 5 4 4 5 3 3 7 8 3 7 13 16 17 15 24 29 33 46 63 51 34 34 40 40 46 59 62 52 52 61 57 58 42 44 46 51 42 33 35 50 47 56 52 56 61 60 58 54 50 52 54 51 50 48 57 64 54 48 46 47 52 58 59 54 49 46 44 43 44 42 41 43 54 59 51 51 47 47 49 49 48
3 2 3 4 3 4 6 5 3 0 0 0 1 2 6 5 4 5 4 4 7 9 8 4 11 17 16 13 14 22 28 31 37 47 38 31 28 37 54 63 63 45 39 48 60 46 54 40 35 38 38 31 31 37 53 59 62 62 60 63 64 62 59 50 45 46 46 46 46 55 61 48 44 44 45 50 55 57 52 48 48 43 42 43 45 40 42 47 52 49 49 45 44 47 52 52
3 2 2 3 5 7 7 7 5 3 1 0 0 2 6 5 4 5 3 7 9 11 7 4 10 12 17 18 21 23 26 28 35 42 32 25 25 32 48 63 66 49 35 48 62 45 39 33 29 30 28 29 43 47 49 59 69 65 62 61 60 63 59 53 46 43 44 45 50 56 60 50 43 45 45 52 56 55 56 50 46 45 47 43 40 41 39 40 46 45 46 43 43 48 49 51
1 3 5 5 5 7 7 6 7 6 3 1 2 4 6 5 4 4 4 4 7 7 3 7 13 13 14 20 24 28 28 25 35 41 27 24 33 39 52 69 65 46 31 47 56 39 27 26 27 26 30 38 52 58 57 64 71 64 58 57 55 63 63 59 49 46 42 44 45 46 53 49 43 43 47 55 55 52 56 59 58 50 51 49 42 43 39 39 41 43 43 41 43 46 46 49
3 5 7 7 4 4 6 6 6 4 2 3 4 5 5 5 5 6 6 3 5 4 2 6 10 12 15 25 27 29 29 27 35 35 23 28 41 60 66 62 58 44 29 36 31 29 28 33 32 32 36 41 48 51 57 64 67 65 58 54 55 59 61 65 58 48 44 45 44 43 48 43 42 41 43 48 51 52 55 59 67 60 55 48 47 43 40 38 39 42 41 41 45 45 47 50
3 4 2 2 3 2 5 5 4 2 1 4 4 3 4 4 4 5 5 5 3 2 2 6 10 12 19 26 28 29 31 32 37 25 18 28 50 64 59 43 40 32 27 27 23 24 27 46 49 36 40 45 54 55 61 67 69 66 63 59 54 55 56 59 56 50 45 44 46 47 45 41 44 40 43 46 47 50 51 57 66 67 51 43 44 46 41 38 36 37 41 42 45 43 46 50
0 0 0 0 2 3 4 5 4 1 4 7 8 7 6 5 7 9 6 6 6 2 2 4 9 16 27 26 24 25 29 33 27 19 19 27 44 50 56 47 33 30 26 24 26 25 32 39 48 44 46 53 59 61 61 64 64 65 66 59 56 55 55 59 52 50 51 55 47 42 42 43 43 46 53 51 53 55 55 58 61 60 52 42 41 43 41 38 35 38 47 43 43 45 48 49
-1 -1 -1 -1 16 1 1 3 2 2 4 6 6 7 8 6 9 11 6 8 7 2 2 3 11 27 31 28 26 27 29 28 20 18 22 35 43 34 43 37 30 27 22 29 34 32 38 48 54 55 49 57 61 66 63 64 61 60 66 63 57 51 51 56 50 47 53 55 49 42 42 42 42 46 49 47 54 57 61 64 53 46 45 45 41 40 38 38 36 41 45 43 47 52 53 57
-1 -1 -1 -1 16 17 1 2 1 3 4 5 4 7 8 7 8 10 7 5 6 5 2 2 16 28 29 26 28 30 29 19 17 21 26 38 47 37 28 31 23 21 24 39 51 46 43 51 63 60 52 63 68 67 66 64 61 58 62 58 58 59 56 51 47 46 52 61 55 43 41 41 47 47 47 50 54 61 65 64 60 56 50 45 44 41 38 36 36 36 38 40 40 45 49 58
-1 -1 -1 -1 16 1 1 1 1 2 3 6 7 7 7 7 9 10 8 8 10 9 2 1 17 26 29 29 30 33 26 18 17 20 23 27 33 30 22 20 21 29 43 53 52 54 58 61 70 64 57 59 69 73 69 65 62 57 54 57 60 59 60 55 47 46 53 56 51 42 39 41 41 43 46 52 60 63 65 67 61 64 58 49 44 46 47 39 37 37 35 38 41 43 47 52
-1 -1 -1 -1 1 1 1 1 2 1 3 6 7 6 7 7 8 7 6 10 8 6 2 7 19 22 26 30 33 34 26 25 17 15 16 18 20 16 18 20 22 32 36 40 49 54 59 65 68 66 65 61 65 73 72 67 62 58 56 55 57 54 60 59 48 45 57 52 44 41 38 42 40 52 55 52 57 65 71 71 61 58 65 59 48 49 49 41 41 43 37 39 46 46 46 50
-1 -1 -1 1 0 -2 1 1 2 3 5 5 4 4 4 5 4 3 3 3 1 1 9 24 25 26 28 29 34 43 34 28 23 17 13 18 20 16 20 23 28 27 27 35 56 65 63 62 59 65 69 69 71 74 70 64 62 58 59 59 51 50 62 64 48 43 56 54 43 38 39 42 39 49 63 66 68 72 75 73 68 58 60 59 49 47 45 42 50 47 34 37 41 43 53 60
-1 -1 -1 1 1 1 2 1 2 3 3 3 2 1 1 1 1 2 1 1 0 9 20 29 33 30 30 32 42 55 38 27 23 18 13 15 16 22 22 25 37 43 35 30 49 60 51 51 52 59 63 72 74 73 71 66 62 59 60 65 59 48 54 58 48 40 45 45 40 37 37 41 39 44 55 63 62 65 72 72 68 60 54 60 56 58 52 46 47 40 32 31 36 43 52 62
-1 1 2 2 3 2 2 3 5 5 4 3 1 1 3 3 2 2 2 1 1 10 23 32 33 33 35 40 52 51 31 28 30 19 19 29 31 41 31 32 43 59 54 34 33 38 42 50 55 61 66 72 71 72 71 67 63 60 55 54 54 46 48 49 41 38 38 39 36 38 42 39 42 48 52 54 58 59 65 66 63 60 55 62 64 61 55 46 48 49 36 31 41 44 46 54
-2 1 2 3 4 4 5 6 7 5 2 1 3 4 4 3 2 2 1 0 2 11 21 23 29 30 33 42 56 44 27 20 22 16 16 27 31 40 44 50 48 56 65 50 49 49 52 53 54 61 65 70 69 69 69 68 68 69 68 62 54 50 57 57 45 40 38 37 36 38 47 41 41 43 42 51 61 58 64 67 62 60 56 56 59 60 59 58 53 45 37 31 37 40 46 48
-3 0 1 4 7 6 6 7 7 3 1 2 3 2 2 2 3 3 1 0 2 12 18 22 28 30 37 44 51 40 33 21 19 15 11 18 27 30 31 32 35 47 62 61 60 62 60 62 61 65 69 68 69 66 66 68 69 68 72 68 63 59 66 63 53 47 47 43 37 35 38 37 40 41 44 54 58 53 55 60 64 61 55 50 53 61 61 56 50 40 33 31 33 36 39 41
-4 0 0 3 7 7 7 5 3 1 1 3 3 0 0 0 2 2 0 0 2 7 13 27 31 30 33 40 33 26 24 27 26 16 10 13 17 20 20 22 33 51 61 54 56 63 65 66 62 67 71 69 67 67 66 69 67 68 68 61 57 57 62 59 50 47 51 50 38 37 36 34 36 42 46 51 56 55 54 58 62 64 64 53 45 50 56 56 52 41 31 29 36 43 45 49
-4 1 1 2 3 2 3 3 1 0 2 3 3 2 2 1 1 2 0 1 3 3 6 20 28 30 35 40 31 22 18 19 22 14 11 14 19 23 26 29 42 58 56 42 50 52 56 62 59 63 69 69 69 65 64 69 66 67 66 60 59 53 54 61 58 54 56 57 43 35 36 34 39 46 49 46 44 48 50 53 59 59 64 57 49 46 51 52 44 41 37 29 32 37 47 60
1 1 2 2 2 -1 -1 1 1 1 2 2 3 2 3 5 4 3 0 2 3 3 1 15 32 34 36 39 28 22 19 14 13 10 18 20 22 36 49 46 48 49 47 33 37 42 46 52 58 62 68 70 68 66 63 67 68 69 62 60 57 54 53 56 62 62 59 58 47 41 38 34 38 51 43 36 40 49 49 48 54 49 54 58 56 51 46 52 48 38 35 29 32 38 49 59
1 -3 -3 2 2 1 2 2 0 2 2 2 3 3 3 3 2 2 0 1 3 4 1 5 25 29 33 33 24 16 15 11 8 15 20 21 25 43 52 47 45 34 32 39 50 58 52 54 63 68 68 68 65 66 64 67 68 62 54 58 57 51 51 52 60 55 55 58 51 50 45 34 39 52 41 37 43 51 48 43 47 46 52 56 54 49 43 50 57 44 36 30 36 47 51 58
-1 0 -2 -2 -1 -1 2 2 1 2 2 2 2 2 2 1 2 3 0 1 3 4 2 1 20 30 29 30 19 12 9 9 10 17 16 16 20 34 32 33 27 25 37 50 56 56 61 67 66 64 67 66 65 61 64 65 66 65 55 50 54 52 48 46 48 48 50 52 56 54 44 33 40 40 37 40 47 52 52 46 40 45 49 49 53 57 47 48 55 47 38 29 38 50 60 64
-1 -2 0 -1 -1 -1 2 1 1 1 1 1 1 2 2 1 2 3 2 0 1 3 4 1 5 13 18 23 18 9 9 13 9 15 30 27 14 20 21 20 18 22 37 42 44 49 55 65 67 67 64 65 67 59 61 63 61 65 58 52 50 47 45 43 41 40 41 43 51 48 40 34 33 43 53 53 44 50 53 46 40 40 41 44 55 59 46 44 46 42 35 30 33 46 56 60
-1 -1 0 -1 -1 -2 1 1 2 2 17 1 2 2 2 1 2 2 1 0 1 3 4 2 1 1 6 9 10 11 19 27 16 29 46 37 23 25 15 19 20 19 23 27 34 41 52 65 67 66 62 60 69 62 63 63 64 66 60 54 53 48 47 46 53 53 41 35 39 50 48 36 32 43 55 45 43 47 50 45 44 44 39 44 54 55 43 45 49 48 40 33 27 37 47 53
-1 -1 1 -2 1 0 0 2 2 0 17 17 1 2 1 1 2 2 0 0 1 2 1 0 0 2 14 18 14 14 23 36 33 38 50 45 41 42 23 26 34 27 30 35 33 43 56 64 69 66 66 61 62 63 59 60 65 67 60 58 54 51 52 50 59 57 54 46 38 39 49 44 33 33 41 37 38 46 56 56 47 43 42 40 47 48 40 45 51 48 43 37 27 29 46 53
-1 -1 -2 -3 0 -4 1 1 1 16 16 2 1 2 2 2 3 1 0 2 1 2 1 0 0 10 30 39 28 18 17 27 42 45 50 51 55 47 27 26 39 36 38 49 46 38 45 58 62 65 68 65 57 57 57 65 70 67 60 61 62 58 56 52 57 60 58 58 47 35 38 37 36 33 34 34 44 55 57 57 55 47 39 36 40 40 38 49 51 45 44 42 29 24 39 51
3 -2 -3 -3 -4 2 2 1 15 16 2 2 2 1 3 4 3 1 1 2 2 1 3 3 9 25 41 51 39 34 23 19 25 26 33 47 49 37 28 27 41 49 39 46 53 46 48 50 54 57 66 66 61 57 54 59 65 67 63 65 63 62 59 56 59 61 56 58 57 50 40 35 37 34 30 31 41 55 53 52 60 52 43 40 38 39 37 50 56 51 43 37 30 25 40 43
5 3 -3 2 2 2 2 1 15 15 16 2 2 2 3 3 2 1 0 1 2 0 2 13 27 38 47 57 51 45 32 18 22 33 39 50 49 51 47 36 44 54 47 54 55 55 58 55 57 61 65 66 62 56 51 55 61 64 64 61 59 61 62 63 64 57 50 50 52 51 41 34 30 32 31 28 32 46 48 50 56 51 44 37 32 35 33 40 50 58 51 43 32 25 31 38
3 -4 -3 1 3 3 1 2 0 15 16 0 1 2 3 3 1 1 0 1 2 0 1 17 39 49 43 45 54 53 40 29 26 34 44 51 59 60 58 49 51 55 59 63 66 65 60 60 62 62 61 62 60 57 51 56 67 67 62 57 55 59 66 69 68 62 55 49 43 41 38 38 37 37 37 31 28 32 38 43 48 49 48 37 31 31 32 34 45 55 48 49 39 25 32 45
-4 -5 -4 -3 2 2 1 2 2 15 1 1 1 2 2 2 1 1 1 2 3 0 2 20 38 41 39 47 56 58 49 44 41 49 56 57 58 61 63 63 65 63 66 66 65 64 60 63 67 61 57 56 59 53 50 57 65 65 65 61 56 61 62 60 62 62 63 53 46 42 39 42 47 47 47 38 30 29 32 35 36 36 36 37 32 28 32 35 33 40 47 53 45 30 24 35
-4 -4 -3 -2 -2 -1 -1 -1 3 15 2 2 2 2 2 3 3 1 1 4 8 2 1 18 29 33 43 54 61 62 59 52 51 54 51 54 57 56 62 63 65 63 63 66 67 64 60 58 63 63 60 55 55 52 50 57 61 61 63 61 56 62 58 52 57 56 61 56 41 41 44 43 45 43 41 37 34 35 32 31 30 28 32 34 34 29 29 37 38 33 45 54 47 29 25 34
-3 -3 -2 -2 -1 -1 -1 -1 -1 -1 -1 0 0 2 2 2 3 3 3 6 9 3 1 15 41 43 39 45 56 58 54 52 57 52 51 54 51 53 57 60 61 58 63 64 63 64 61 56 56 63 65 58 50 46 48 54 61 56 56 54 57 61 59 53 53 55 53 56 44 44 48 51 52 42 38 41 44 45 37 31 26 24 26 29 30 32 34 30 28 27 35 44 43 31 25 36
11 -1 -1 -1 -1 -1 -1 -1 -1 -1 -1 -1 -1 2 1 2 -1 -1 -2 -2 4 1 1 7 29 44 33 40 55 61 52 46 48 41 42 45 49 53 57 62 65 60 61 60 61 63 60 54 51 57 62 60 57 47 46 54 62 58 51 53 59 60 55 52 54 51 47 45 45 48 53 51 46 40 43 47 53 46 35 33 30 27 24 23 26 26 27 25 25 23 24 30 37 37 25 33
-2 -1 -1 -1 -1 -1 -1 -1 -1 -1 -1 -1 -1 -1 2 -2 -1 -2 -2 1 1 1 1 5 16 35 27 41 47 51 45 37 36 37 50 56 60 60 63 64 64 60 54 56 61 62 61 54 54 59 58 54 53 48 50 56 56 58 52 56 60 60 57 52 57 55 52 45 48 54 58 50 42 44 49 52 52 44 38 32 28 29 27 28 30 28 29 33 38 29 25 25 24 27 22 24
-1 -1 -1 -1 -1 -1 -2 -1 -1 -1 -1 -1 -1 -1 -1 -1 -1 -1 -2 3 3 1 1 3 7 16 19 31 30 36 38 28 30 45 58 62 60 61 66 65 65 60 51 55 60 58 55 51 60 62 56 53 52 47 53 56 50 49 48 57 58 58 58 51 51 51 52 46 50 57 59 52 46 51 54 54 49 41 39 36 30 29 30 31 32 36 41 46 45 39 36 36 31 21 18 20
-1 -1 -1 -1 -2 -2 -2 -2 -1 -1 -1 -1 -1 -1 -1 -1 -1 -1 -2 -3 2 1 2 4 5 12 14 15 17 21 23 25 32 38 49 56 52 61 65 65 64 56 50 54 56 58 55 52 60 61 57 57 56 50 47 52 45 46 53 58 58 59 58 55 53 49 48 49 54 57 56 51 46 48 54 54 49 46 49 40 37 35 38 38 40 47 54 49 42 39 38 37 34 26 18 17
-1 -1 -1 -1 -2 -3 -3 -2 -2 -2 -1 -1 -1 -1 -1 -1 -1 0 -2 -3 -5 2 2 2 16 27 39 27 21 31 37 43 50 46 40 43 44 54 62 63 60 52 48 47 54 58 51 50 60 61 59 61 60 50 44 45 45 51 57 57 57 57 57 57 60 56 48 48 51 54 54 55 49 47 49 55 50 50 50 40 39 42 42 41 47 52 50 42 37 34 35 37 34 29 23 18
-1 -1 -1 -1 -2 -3 -3 -3 -2 -2 -2 -1 -1 -1 -1 -1 -1 -1 -2 -3 -5 2 2 3 19 34 50 50 37 27 37 43 43 50 51 52 57 57 60 61 59 56 51 45 50 56 52 45 58 63 60 58 57 45 42 44 53 57 57 57 59 59 56 55 56 56 54 52 55 58 56 56 54 50 54 56 57 55 49 42 43 47 50 51 53 50 43 40 41 38 34 38 35 29 29 21
-1 -1 -1 -1 -2 -3 -3 -3 -3 -2 -2 -1 -1 -1 -1 -1 -1 -1 -2 -3 -4 -4 2 4 17 29 41 51 53 43 32 35 44 55 62 59 61 61 61 61 57 52 55 52 44 50 55 46 56 56 51 50 50 44 46 54 57 57 57 57 60 58 56 55 54 54 55 55 56 56 57 57 56 54 54 54 60 60 56 51 47 47 52 57 55 44 36 34 38 38 34 33 30 26 24 20
-2 -2 -1 -2 -2 -2 -3 -3 -3 -3 -2 -2 -2 -2 -2 -1 -1 -1 -1 -2 -3 -4 0 7 13 23 33 43 54 53 50 38 38 44 53 58 56 55 61 60 59 54 49 52 45 46 54 43 45 39 42 46 47 49 57 59 59 57 56 56 55 56 56 55 55 54 54 55 54 53 56 55 56 57 55 54 57 59 56 56 49 51 56 55 47 38 35 34 34 34 31 28 26 28 29 26
-2 -2 -1 -2 -2 -2 -2 -3 -3 -3 -3 -2 -2 -2 -2 -2 -2 -1 -1 -1 -1 -2 0 9 15 19 28 36 45 52 49 39 40 42 43 48 55 56 59 59 58 57 52 44 41 49 52 42 42 42 48 55 56 56 58 59 58 57 55 55 54 55 57 55 54 53 54 52 51 55 57 55 55 56 57 55 54 56 57 56 55 55 53 44 40 41 39 37 34 32 32 30 33 32 30 29
-2 -2 -2 -2 -2 -2 -2 -3 -3 -3 -3 -3 -2 -2 -2 -2 -2 -1 -1 -1 -2 -2 0 10 17 21 26 34 41 49 52 46 42 50 49 52 59 60 59 56 56 55 54 53 47 44 43 42 52 53 56 56 56 57 58 59 56 55 55 55 54 56 56 56 55 54 56 54 50 50 54 56 54 55 54 54 52 56 56 56 57 55 57 49 44 48 46 44 42 39 39 36 36 41 37 35
-2 -2 -2 -2 -2 -2 -2 -3 -3 -3 -3 -3 -3 -2 -2 -2 -2 -1 -1 -1 -2 -2 -1 2 16 24 27 36 40 49 54 50 44 49 51 51 51 54 53 56 57 55 55 52 50 45 37 39 51 54 55 56 57 56 55 56 51 50 53 54 54 55 57 56 58 57 55 54 51 49 52 49 50 52 51 50 52 55 55 55 51 52 55 56 51 44 45 44 42 42 43 44 41 47 45 43
-2 -2 -2 -2 -2 -2 -2 -3 -3 -3 -3 -3 -3 -3 -2 -2 -2 -1 -1 -1 -2 -3 -2 0 15 26 36 39 44 47 51 52 46 47 52 52 51 53 52 55 57 56 53 48 49 44 37 37 49 53 52 56 57 57 54 49 48 52 56 55 55 55 56 56 56 56 57 56 53 52 54 53 48 47 49 48 52 56 55 54 50 52 52 54 55 47 43 45 45 43 39 39 40 40 42 40
-2 -2 -2 -2 -2 -3 -3 -3 -3 -3 -3 -3 -3 -3 -3 -2 -2 -1 -1 -2 -3 -3 -2 0 4 29 44 47 45 47 49 52 49 50 50 50 51 51 51 53 55 54 54 55 50 42 39 34 42 50 46 51 59 55 50 46 48 51 48 52 55 55 54 54 54 55 55 54 53 54 53 55 54 50 46 48 52 56 55 54 51 46 48 51 53 49 48 49 48 44 41 43 40 36 37 35
-2 -2 -2 -2 -3 -3 -3 -3 -3 -3 -3 -3 -3 -3 -3 -2 -2 -2 -2 -2 -3 -3 -2 0 4 33 49 53 52 49 47 50 50 49 50 51 51 51 52 53 55 54 53 53 53 49 44 34 35 45 52 54 55 52 48 44 44 47 47 49 54 55 53 54 53 54 54 53 53 53 52 53 52 49 45 47 49 52 52 54 53 47 50 53 54 53 51 51 45 41 43 49 49 40 37 35
-2 -2 -2 -3 -3 -3 -3 -3 -3 -3 -3 -3 -3 -3 -3 -2 -2 -1 -2 -3 -4 -5 -3 1 20 34 50 56 51 51 50 51 51 51 51 52 53 52 50 52 56 54 51 51 51 50 46 34 34 48 53 53 52 53 49 41 39 44 45 48 52 56 55 57 51 50 53 53 52 52 52 51 52 52 51 45 43 49 49 54 52 44 50 53 53 56 54 50 43 41 44 47 54 49 42 41
-3 -3 -3 -3 -3 -3 -3 -3 -3 -3 -3 -3 -3 -3 -3 -2 -2 -1 -1 -2 -3 -3 -2 1 18 31 50 55 48 51 51 50 52 51 51 52 53 51 50 53 53 52 51 52 50 50 46 37 33 44 48 48 50 51 51 40 43 49 48 51 49 53 53 55 51 48 52 53 52 52 52 52 50 48 48 48 44 48 50 53 53 47 53 53 53 51 51 53 50 47 45 45 48 46 47 43
-3 -3 -3 -3 -3 -3 -3 -3 -3 -3 -3 -3 -3 -3 -3 -2 -2 -2 -2 -2 -4 -4 -2 2 21 33 50 55 51 49 48 47 50 51 51 51 51 50 48 49 49 49 49 49 48 49 48 41 34 36 45 46 47 47 41 40 48 53 50 47 51 52 52 54 48 45 50 52 52 52 52 53 51 48 48 47 44 44 48 53 51 44 50 53 53 52 49 48 51 52 51 49 43 40 36 35
-2 -3 -3 -3 -3 -3 -3 -3 -3 -3 -3 -3 -3 -3 -3 -3 -3 -2 -2 -2 -4 -5 -3 0 18 28 46 51 49 51 47 45 50 50 52 52 50 48 48 48 48 47 46 47 47 49 48 46 37 33 41 38 36 35 38 42 45 47 48 52 52 51 49 51 50 45 52 52 53 51 52 52 50 48 47 47 45 41 46 52 50 43 52 55 51 49 42 43 49 49 49 48 47 42 34 37
-2 -3 -3 -3 -3 -3 -3 -3 -3 -3 -3 -3 -3 -4 -3 -3 -3 -2 -2 -3 -4 -4 -2 1 14 23 40 50 49 54 49 43 46 47 50 50 49 48 50 49 50 48 46 47 47 48 48 47 37 30 35 36 44 43 46 47 46 49 52 52 51 49 51 49 47 51 51 50 53 51 52 54 51 47 50 50 46 39 40 43 43 41 49 52 49 46 42 47 47 45 46 49 45 39 38 41
-2 -3 -3 -3 -3 -3 -3 -3 -3 -3 -3 -3 -4 -4 -4 -3 -3 -2 -2 -3 -3 -3 -2 0 14 18 32 46 43 49 49 40 40 43 47 48 49 50 48 47 47 46 45 46 47 46 45 46 40 29 30 34 42 48 48 49 50 51 52 52 47 42 46 46 46 51 50 51 52 52 51 52 51 48 45 47 48 45 42 38 37 42 43 48 50 47 43 43 44 46 47 47 42 42 43 46
