frederic_1979/mobile_bay.asc
ncols        459
nrows        192
xllcorner    -88.816666666667
yllcorner    30.037500000000
cellsize     0.004166666667
NODATA_value -32767
[rows 122 to 182 of 192, columns 288 to 383 of 459]
11 8 7 1 -2 -3 -3 7 6 6 13 17 18 18 18 20 20 16 13 16 18 16 14 12 -2 -4 -4 -4 -4 -3 -3 -3 -4 -4 -4 -4 -3 -3 -3 -2 -1 -1 5 7 7 6 8 10 9 9 10 10 12 11 9 11 10 11 10 11 11 8 -1 5 -4 -5 -5 -5 -3 4 4 5 -6 -10 -10 5 4 4 5 5 5 -9 -8 -6 -7 -9 -12 -10 -9 -5 -5 -4 -3 -2 -2 -4
10 8 8 8 8 -2 -3 5 6 7 15 17 15 15 13 17 19 18 18 13 14 12 13 13 -3 -4 -4 -3 -2 0 -1 -1 -2 -3 -3 -3 -3 -3 -3 -2 -1 5 5 5 5 5 6 6 10 11 11 11 10 9 8 0 0 -1 -2 -3 -3 -4 -4 -4 -5 -5 -4 -4 -4 5 -3 4 -6 -8 -8 -8 -7 4 4 5 6 8 7 5 -3 -3 -5 -6 -6 -5 -5 4 3 2 1 2
10 9 7 9 10 -3 -3 5 6 8 13 16 16 15 12 12 17 15 13 8 -1 -3 -2 -1 -3 -5 -4 -2 4 6 9 9 -1 -1 -1 -2 -2 -2 -2 -2 7 7 8 8 8 8 9 9 10 10 9 8 6 -2 -2 -2 -3 -4 -5 -5 -6 -6 -7 4 -6 -5 -3 3 2 1 1 -3 -4 -5 -6 -6 -6 -4 -4 -2 2 3 5 5 4 4 3 3 2 2 2 3 3 2 1 -5
10 10 9 8 -2 -3 -3 -2 9 11 11 14 13 14 0 8 12 11 10 -1 -1 -1 -1 -2 -4 -5 -4 -3 4 6 10 13 12 8 4 6 8 9 11 10 11 12 11 9 8 7 7 8 8 8 5 5 6 -3 -3 -4 -4 -5 -6 -6 2 3 3 2 3 4 -5 -5 -5 -4 -3 -4 -4 -4 -5 -5 -5 -4 -4 -4 -3 -3 -3 -3 3 1 1 1 -6 -7 -7 -7 -6 -6 -7 -8
9 10 7 4 -3 -4 -4 -3 6 10 9 -1 -1 9 -3 7 9 10 -3 -2 -1 5 7 10 -4 -5 -4 -3 -3 -2 -1 8 7 -1 -1 7 -2 -3 -3 -1 1 3 5 6 6 5 2 7 8 5 4 3 -3 -4 -4 -4 -5 1 2 2 2 -6 -6 -6 -6 -6 -6 -6 -6 -5 -4 -4 -4 -4 -5 -5 -5 -4 -5 -5 -6 -7 -6 -6 -5 -5 -6 -6 -7 -8 -9 -9 -9 -9 -10 -10
9 7 3 -4 -4 -4 -4 -3 6 8 -2 -3 -3 -4 -5 -4 -5 7 -4 -2 9 9 10 13 -3 -5 -4 -3 -3 -4 -2 -1 -1 -1 -1 -2 5 7 6 -2 0 7 7 7 9 8 0 4 -3 -3 -2 -3 2 1 2 2 2 -5 -4 -5 -5 -5 -6 -6 -6 -6 -7 -6 -6 -6 -5 -5 -4 -4 -4 -5 -5 -5 -5 -6 -6 -8 -8 -8 -9 -9 -8 -9 -9 -10 -10 -10 -10 -11 -11 -12
7 -1 -2 -2 -2 -2 -3 -3 -2 -2 -2 11 11 9 9 -4 -5 8 9 14 14 16 15 15 -2 -3 -3 -3 -3 -3 -2 -1 5 6 6 7 6 6 4 -2 6 8 8 9 9 8 8 5 5 3 3 2 2 -5 -5 -6 -6 -5 -5 -6 -6 -6 -6 -6 -7 -7 -7 -7 -7 -7 -6 -6 -5 -5 -5 -6 -6 -6 -7 -8 -8 -9 -10 -10 -11 -11 -11 -11 -11 -11 -11 -11 -12 -12 -12 -13
7 8 6 4 0 0 -1 -1 -2 -2 -2 12 16 14 12 9 11 14 15 15 15 0 0 -1 -1 -2 -3 4 5 6 5 6 7 7 0 -1 -1 -2 -3 5 6 7 7 7 7 7 7 6 -5 -5 -5 -5 -5 -6 -6 -6 -6 -6 -6 -7 -7 -7 -7 -7 -7 -7 -7 -7 -7 -7 -7 -7 -7 -7 -7 -7 -7 -8 -9 -9 -10 -11 -11 -12 -12 -13 -13 -13 -13 -13 -12 -12 -12 -13 -13 -13
10 10 8 8 6 7 7 9 8 11 12 13 14 12 12 10 12 12 11 -2 -2 -1 -1 -1 0 7 6 7 7 7 8 7 -1 4 5 5 5 4 5 5 6 5 -4 -4 -3 -4 -5 -5 -6 -6 -6 -6 -6 -6 -7 -7 -7 -7 -8 -8 -8 -8 -8 -8 -8 -8 -8 -8 -8 -8 -8 -8 -8 -8 -8 -8 -9 -9 -10 -10 -11 -12 -12 -12 -12 -13 -13 -14 -14 -14 -14 -14 -14 -14 -14 -14
8 10 10 10 11 11 12 13 13 16 16 13 10 -2 -3 -2 -3 7 -3 -1 -2 -2 -1 5 7 8 8 8 0 1 6 6 5 4 5 -4 -5 -6 -7 -6 -5 -7 -7 -6 -7 -7 -7 -6 -6 -7 -6 -7 -7 -7 -7 -8 -8 -8 -8 -8 -8 -9 -9 -9 -8 -8 -8 -8 -9 -8 -8 -8 -8 -8 -9 -10 -10 -11 -11 -11 -12 -12 -12 -12 -13 -13 -13 -14 -15 -15 -15 -15 -15 -15 -16 -16
10 10 11 11 15 16 15 12 11 12 11 7 5 5 5 3 3 -3 -2 -2 6 6 6 8 -1 7 8 5 6 6 -3 -3 -3 -4 -4 -5 -6 -7 -7 -7 -7 -7 -7 -7 -7 -8 -7 -7 -7 -7 -7 -7 -7 -7 -8 -8 -8 -9 -9 -9 -9 -9 -9 -9 -9 -9 -9 -9 -9 -9 -9 -9 -9 -8 -9 -9 -10 -11 -11 -11 -12 -13 -13 -13 -13 -13 -14 -14 -15 -15 -15 -16 -17 -17 -19 -19
11 11 10 9 10 10 9 8 8 8 8 7 6 6 -2 -2 -2 -2 6 7 -1 7 6 7 6 -3 -3 -4 -5 -6 -6 -5 -5 -6 -7 -7 -7 -7 -8 -8 -8 -8 -8 -8 -8 -7 -7 -8 -8 -8 -8 -8 -8 -8 -8 -9 -9 -10 -10 -10 -10 -10 -10 -10 -10 -10 -10 -10 -10 -10 -10 -10 -9 -9 -8 -9 -10 -11 -11 -11 -12 -13 -14 -14 -14 -14 -14 -15 -15 -15 -16 -18 -20 -19 -21 -23
11 12 11 9 8 9 9 8 8 8 7 6 5 6 6 -1 5 5 5 -3 -3 -2 -3 -4 -4 -5 -5 -5 -6 -7 -7 -7 -7 -7 -8 -8 -8 -8 -8 -8 -8 -8 -8 -8 -8 -8 -8 -8 -8 -8 -8 -9 -9 -9 -9 -10 -10 -10 -11 -11 -10 -10 -11 -11 -11 -11 -11 -11 -11 -10 -10 -10 -10 -10 -9 -11 -11 -12 -12 -12 -12 -13 -14 -15 -15 -15 -16 -16 -17 -17 -18 -19 -20 -20 -20 -21
6 8 8 8 8 7 7 7 7 7 7 9 10 -3 -3 -3 -3 -3 -4 -4 -5 -6 -6 -6 -6 -5 -6 -6 -7 -7 -7 -7 -8 -8 -8 -8 -8 -8 -9 -9 -9 -9 -9 -9 -9 -9 -9 -9 -9 -9 -9 -10 -10 -10 -10 -10 -10 -11 -11 -11 -11 -11 -11 -12 -12 -12 -12 -11 -11 -11 -11 -10 -11 -11 -11 -12 -13 -14 -13 -12 -12 -13 -14 -15 -16 -17 -19 -18 -19 -19 -20 -20 -21 -20 -18 -18
7 7 8 7 7 8 7 7 7 -4 -4 -5 -4 -5 -5 -5 -5 -5 -6 -6 -6 -7 -6 -7 -7 -6 -6 -6 -7 -7 -7 -7 -8 -8 -8 -8 -9 -9 -9 -9 -9 -9 -9 -9 -10 -10 -10 -10 -10 -10 -10 -10 -10 -11 -11 -11 -11 -11 -11 -11 -12 -12 -12 -12 -12 -12 -13 -12 -12 -12 -12 -11 -12 -12 -12 -13 -13 -14 -14 -14 -14 -15 -15 -16 -18 -19 -20 -19 -19 -19 -20 -20 -20 -20 -19 -19
6 6 7 9 12 -6 -6 -6 -7 -8 -9 -8 -6 -6 -7 -7 -7 -8 -8 -7 -7 -7 -7 -7 -7 -7 -7 -7 -7 -7 -8 -8 -8 -8 -8 -9 -9 -9 -9 -9 -9 -9 -10 -10 -11 -11 -11 -11 -11 -11 -11 -11 -11 -11 -11 -11 -11 -12 -12 -12 -12 -12 -12 -12 -12 -13 -13 -13 -13 -13 -13 -13 -12 -13 -12 -13 -14 -14 -16 -16 -17 -16 -16 -17 -19 -21 -22 -20 -18 -18 -19 -20 -20 -20 -20 -20
7 -3 -3 -6 -8 -10 -9 -9 -9 -9 -10 -9 -8 -8 -9 -9 -9 -9 -9 -8 -8 -9 -8 -8 -8 -8 -8 -8 -8 -8 -9 -9 -9 -9 -8 -9 -9 -9 -9 -9 -10 -10 -10 -11 -11 -12 -12 -12 -12 -12 -12 -12 -12 -12 -12 -12 -12 -12 -12 -12 -12 -12 -12 -13 -13 -14 -14 -14 -14 -15 -15 -15 -14 -14 -14 -15 -15 -16 -16 -16 -17 -17 -17 -18 -19 -20 -22 -20 -19 -19 -20 -20 -20 -20 -20 -20
-6 -7 -9 -9 -9 -9 -10 -10 -9 -9 -8 -9 -9 -9 -9 -9 -9 -9 -9 -9 -8 -9 -9 -9 -9 -8 -8 -8 -9 -9 -10 -10 -10 -9 -8 -9 -9 -9 -9 -9 -10 -10 -11 -11 -11 -12 -12 -12 -12 -13 -13 -14 -13 -12 -12 -12 -13 -13 -13 -13 -12 -13 -14 -14 -14 -14 -14 -15 -15 -15 -16 -16 -16 -16 -16 -16 -17 -17 -16 -16 -17 -18 -18 -18 -19 -20 -22 -20 -20 -20 -20 -20 -21 -21 -21 -20
-8 -9 -10 -10 -10 -10 -10 -10 -10 -9 -8 -9 -9 -9 -9 -10 -10 -10 -9 -9 -9 -10 -10 -10 -10 -10 -9 -9 -9 -9 -10 -10 -11 -11 -11 -11 -10 -10 -10 -10 -10 -10 -10 -11 -11 -11 -11 -12 -12 -13 -13 -14 -14 -14 -14 -14 -14 -14 -15 -15 -14 -14 -15 -15 -14 -14 -14 -15 -15 -16 -16 -17 -17 -17 -17 -17 -18 -18 -18 -18 -18 -18 -18 -19 -20 -21 -23 -21 -20 -20 -20 -20 -21 -21 -21 -21
-9 -9 -10 -10 -10 -11 -11 -11 -10 -9 -8 -9 -9 -9 -9 -10 -10 -10 -10 -10 -10 -10 -11 -11 -11 -11 -10 -10 -9 -10 -10 -10 -11 -11 -12 -12 -11 -11 -11 -11 -11 -11 -10 -11 -11 -10 -11 -11 -12 -12 -13 -13 -14 -15 -14 -14 -14 -15 -16 -16 -15 -16 -16 -15 -15 -14 -15 -15 -16 -16 -17 -19 -18 -17 -17 -18 -18 -19 -19 -19 -19 -18 -18 -19 -20 -22 -24 -24 -21 -20 -20 -21 -21 -21 -21 -21
-8 -9 -10 -10 -10 -11 -11 -11 -11 -10 -9 -9 -9 -8 -8 -9 -10 -10 -11 -11 -11 -11 -11 -11 -11 -12 -12 -11 -11 -10 -10 -10 -10 -10 -10 -11 -11 -12 -12 -12 -12 -12 -12 -11 -11 -11 -11 -11 -11 -12 -12 -12 -13 -14 -14 -14 -14 -14 -14 -15 -15 -16 -16 -16 -16 -16 -16 -16 -17 -18 -19 -21 -17 -17 -17 -18 -18 -18 -18 -19 -20 -19 -19 -19 -20 -22 -24 -26 -21 -21 -21 -21 -20 -20 -21 -20
-8 -9 -9 -9 -10 -10 -10 -10 -10 -10 -10 -10 -9 -9 -9 -10 -10 -10 -10 -11 -11 -12 -12 -12 -12 -12 -12 -12 -12 -12 -12 -12 -11 -11 -11 -11 -11 -11 -12 -12 -13 -13 -13 -12 -12 -12 -12 -12 -12 -12 -13 -13 -13 -14 -14 -14 -14 -14 -14 -15 -15 -16 -16 -16 -16 -17 -17 -18 -19 -19 -19 -20 -18 -18 -18 -18 -18 -18 -19 -19 -20 -20 -20 -20 -20 -21 -23 -23 -21 -21 -20 -20 -20 -20 -21 -21
-9 -9 -9 -9 -9 -9 -9 -9 -9 -10 -10 -10 -10 -10 -10 -11 -10 -10 -10 -11 -12 -13 -12 -12 -12 -13 -12 -13 -13 -13 -13 -13 -13 -12 -12 -12 -11 -11 -11 -12 -12 -13 -13 -13 -13 -13 -13 -13 -13 -13 -13 -14 -13 -14 -15 -15 -15 -15 -15 -15 -15 -16 -16 -17 -17 -18 -18 -19 -21 -20 -18 -19 -19 -19 -19 -19 -19 -19 -19 -19 -20 -20 -21 -21 -20 -20 -23 -20 -19 -20 -20 -20 -20 -21 -21 -22
-9 -9 -9 -9 -9 -10 -9 -9 -10 -10 -10 -10 -11 -11 -11 -11 -11 -10 -11 -11 -12 -13 -13 -13 -13 -13 -13 -13 -13 -14 -14 -14 -13 -13 -13 -12 -12 -11 -11 -12 -12 -13 -13 -13 -14 -14 -14 -14 -14 -14 -14 -14 -14 -15 -15 -15 -15 -15 -15 -16 -16 -17 -17 -17 -17 -18 -18 -19 -20 -20 -19 -19 -20 -20 -20 -20 -19 -19 -19 -19 -20 -20 -21 -21 -20 -20 -21 -20 -20 -20 -20 -20 -20 -20 -21 -21
-9 -10 -11 -11 -10 -10 -10 -10 -10 -10 -11 -11 -11 -12 -12 -12 -11 -11 -12 -12 -12 -13 -13 -13 -13 -13 -13 -13 -13 -14 -14 -14 -14 -14 -14 -13 -13 -12 -12 -12 -13 -12 -13 -14 -14 -14 -14 -15 -15 -15 -15 -15 -15 -15 -16 -16 -16 -16 -16 -16 -17 -18 -18 -18 -17 -17 -18 -19 -20 -20 -20 -20 -21 -22 -21 -20 -20 -20 -20 -19 -20 -20 -20 -21 -21 -21 -21 -21 -20 -20 -21 -20 -20 -21 -21 -21
-10 -10 -11 -11 -10 -10 -10 -10 -10 -11 -11 -11 -12 -12 -12 -12 -12 -12 -12 -12 -12 -12 -13 -13 -13 -13 -14 -14 -14 -14 -14 -15 -15 -15 -16 -15 -14 -14 -13 -13 -13 -13 -13 -14 -14 -14 -15 -15 -15 -16 -16 -16 -16 -16 -16 -16 -17 -17 -17 -17 -18 -18 -19 -19 -19 -19 -19 -19 -19 -20 -20 -20 -20 -21 -21 -20 -20 -21 -20 -20 -20 -20 -20 -20 -21 -21 -23 -24 -24 -22 -22 -22 -22 -22 -22 -23
-11 -11 -11 -11 -10 -10 -11 -11 -11 -11 -11 -12 -12 -12 -12 -12 -12 -13 -13 -13 -12 -12 -13 -13 -14 -14 -14 -14 -14 -15 -15 -15 -16 -16 -17 -17 -16 -16 -14 -14 -14 -13 -14 -14 -14 -15 -15 -15 -16 -16 -16 -16 -17 -17 -17 -17 -17 -17 -18 -19 -19 -19 -19 -20 -21 -22 -21 -20 -19 -20 -20 -20 -20 -20 -20 -20 -20 -21 -21 -21 -21 -20 -20 -20 -20 -21 -24 -28 -27 -24 -23 -23 -23 -23 -23 -24
-11 -11 -12 -11 -11 -11 -11 -11 -11 -12 -12 -12 -12 -13 -13 -13 -13 -13 -13 -13 -13 -13 -13 -14 -14 -14 -14 -14 -15 -15 -15 -15 -16 -16 -17 -17 -16 -16 -16 -16 -16 -15 -14 -14 -14 -15 -15 -16 -16 -17 -17 -17 -17 -17 -17 -18 -18 -18 -18 -19 -19 -19 -20 -21 -21 -22 -21 -21 -20 -20 -20 -21 -21 -21 -21 -21 -21 -21 -21 -21 -20 -20 -20 -20 -20 -21 -23 -24 -24 -23 -23 -23 -23 -23 -24 -25
-12 -12 -13 -12 -12 -12 -12 -12 -12 -12 -12 -12 -13 -13 -14 -14 -13 -13 -13 -13 -14 -14 -14 -14 -14 -14 -14 -14 -15 -15 -16 -16 -16 -16 -16 -17 -17 -17 -17 -18 -19 -17 -15 -14 -15 -15 -16 -16 -17 -17 -17 -18 -18 -18 -18 -18 -19 -19 -19 -19 -19 -20 -21 -20 -21 -22 -21 -21 -21 -21 -21 -21 -22 -22 -22 -22 -21 -21 -21 -20 -20 -20 -20 -21 -20 -20 -21 -22 -22 -22 -22 -22 -22 -23 -24 -25
-12 -12 -13 -13 -12 -12 -12 -12 -13 -13 -13 -13 -14 -14 -14 -14 -14 -14 -14 -14 -14 -14 -14 -14 -14 -14 -14 -15 -15 -16 -16 -16 -16 -17 -17 -18 -18 -19 -19 -20 -20 -19 -17 -17 -16 -16 -16 -17 -17 -17 -17 -18 -18 -18 -19 -19 -19 -20 -20 -20 -20 -21 -21 -21 -21 -21 -21 -21 -21 -21 -21 -21 -22 -22 -22 -22 -21 -21 -21 -20 -20 -20 -20 -20 -20 -20 -21 -21 -22 -22 -23 -23 -23 -24 -24 -25
-12 -13 -13 -13 -13 -12 -13 -13 -13 -13 -13 -14 -14 -14 -14 -15 -14 -14 -14 -14 -15 -15 -15 -15 -15 -15 -15 -15 -16 -16 -17 -17 -17 -18 -18 -19 -20 -20 -21 -21 -21 -20 -19 -19 -18 -17 -17 -17 -18 -18 -17 -18 -19 -19 -19 -20 -20 -21 -21 -21 -21 -21 -21 -20 -22 -21 -20 -20 -20 -20 -20 -21 -22 -21 -22 -21 -21 -21 -21 -20 -20 -19 -20 -20 -20 -20 -20 -22 -23 -23 -23 -23 -24 -24 -24 -24
-12 -13 -13 -13 -13 -13 -13 -13 -14 -14 -14 -15 -15 -15 -15 -15 -15 -15 -15 -15 -15 -15 -16 -16 -16 -16 -16 -16 -16 -17 -17 -18 -18 -19 -19 -20 -20 -21 -21 -21 -21 -21 -21 -21 -20 -19 -19 -18 -18 -18 -18 -19 -19 -19 -20 -21 -21 -21 -21 -21 -21 -21 -21 -21 -21 -21 -21 -21 -21 -21 -22 -22 -22 -22 -21 -21 -21 -21 -20 -20 -20 -20 -20 -20 -20 -20 -21 -22 -23 -24 -24 -24 -24 -24 -24 -24
-12 -13 -13 -13 -13 -13 -13 -14 -14 -14 -15 -15 -15 -15 -15 -16 -15 -15 -15 -15 -16 -16 -16 -17 -16 -16 -17 -17 -17 -17 -18 -19 -19 -19 -20 -21 -21 -20 -21 -21 -22 -22 -21 -22 -23 -22 -21 -20 -19 -19 -19 -20 -20 -20 -20 -21 -22 -21 -21 -21 -20 -21 -21 -20 -21 -22 -21 -22 -22 -22 -23 -24 -22 -21 -20 -20 -20 -20 -20 -20 -20 -20 -20 -20 -20 -21 -22 -23 -25 -24 -24 -24 -25 -25 -25 -25
-12 -13 -13 -13 -13 -13 -13 -14 -14 -14 -15 -15 -15 -15 -15 -15 -16 -16 -16 -16 -17 -17 -17 -17 -17 -17 -18 -18 -19 -19 -19 -19 -19 -19 -19 -20 -20 -20 -20 -21 -22 -22 -22 -22 -23 -23 -22 -21 -20 -20 -20 -20 -20 -20 -20 -21 -21 -21 -20 -20 -20 -20 -20 -20 -21 -21 -21 -21 -22 -22 -22 -22 -21 -21 -20 -19 -19 -20 -20 -20 -20 -20 -20 -20 -21 -21 -22 -23 -24 -24 -24 -25 -25 -25 -25 -25
-12 -13 -13 -13 -13 -13 -14 -14 -14 -14 -15 -15 -15 -15 -15 -15 -16 -16 -16 -17 -17 -17 -18 -18 -18 -18 -19 -20 -20 -21 -21 -20 -20 -19 -19 -20 -20 -21 -21 -21 -22 -22 -22 -22 -23 -23 -23 -22 -22 -21 -21 -21 -21 -21 -21 -21 -20 -21 -20 -20 -21 -21 -20 -21 -21 -21 -21 -21 -21 -21 -21 -21 -20 -20 -19 -19 -19 -19 -19 -19 -20 -20 -20 -20 -21 -21 -22 -23 -24 -24 -24 -25 -25 -25 -25 -25
-13 -13 -13 -13 -14 -14 -14 -14 -14 -14 -15 -15 -15 -15 -15 -15 -16 -16 -17 -17 -17 -18 -18 -19 -19 -19 -20 -22 -22 -23 -22 -22 -22 -22 -22 -22 -22 -22 -22 -22 -23 -23 -23 -23 -23 -23 -23 -23 -22 -22 -22 -22 -22 -22 -21 -21 -21 -21 -21 -22 -22 -21 -21 -21 -21 -21 -21 -21 -21 -21 -20 -19 -19 -19 -19 -18 -19 -19 -19 -19 -19 -20 -20 -21 -21 -22 -23 -23 -24 -24 -25 -25 -25 -25 -25 -26
-13 -13 -14 -14 -14 -14 -14 -14 -14 -14 -15 -15 -15 -15 -15 -15 -16 -16 -16 -17 -18 -18 -20 -20 -21 -21 -21 -22 -23 -23 -23 -23 -23 -23 -23 -23 -22 -22 -22 -23 -23 -23 -23 -23 -23 -24 -23 -23 -23 -23 -23 -23 -22 -22 -22 -22 -22 -21 -21 -21 -21 -21 -21 -21 -21 -21 -21 -21 -20 -20 -20 -19 -19 -19 -19 -19 -19 -19 -19 -19 -20 -20 -20 -21 -21 -22 -22 -23 -24 -24 -25 -25 -26 -26 -26 -27
-13 -13 -14 -14 -14 -14 -14 -14 -14 -15 -15 -15 -15 -15 -15 -15 -16 -16 -16 -17 -18 -20 -22 -22 -22 -22 -23 -23 -24 -23 -23 -23 -23 -23 -23 -23 -22 -23 -23 -23 -23 -23 -23 -23 -24 -24 -24 -23 -23 -23 -23 -23 -22 -22 -22 -22 -21 -21 -21 -21 -21 -21 -20 -20 -20 -21 -21 -20 -20 -20 -20 -19 -19 -19 -19 -20 -19 -19 -19 -19 -20 -20 -21 -21 -22 -22 -22 -23 -24 -24 -25 -25 -26 -27 -27 -28
-13 -14 -14 -14 -14 -14 -15 -15 -15 -15 -15 -15 -16 -16 -16 -16 -16 -17 -18 -18 -20 -21 -23 -23 -23 -23 -24 -24 -25 -24 -24 -24 -23 -23 -23 -23 -23 -23 -23 -23 -23 -23 -23 -23 -23 -24 -24 -23 -24 -24 -24 -23 -22 -22 -22 -22 -21 -21 -22 -22 -21 -20 -20 -20 -20 -20 -21 -20 -20 -19 -19 -19 -19 -19 -20 -20 -20 -20 -21 -21 -21 -22 -22 -22 -22 -23 -23 -24 -24 -25 -25 -26 -26 -26 -27 -28
-14 -14 -14 -14 -14 -14 -16 -15 -15 -15 -16 -16 -17 -16 -17 -17 -17 -18 -19 -20 -21 -23 -24 -24 -24 -23 -25 -26 -26 -25 -24 -24 -24 -23 -24 -23 -23 -23 -24 -23 -23 -23 -23 -23 -23 -23 -24 -24 -24 -24 -24 -24 -22 -22 -22 -22 -22 -22 -23 -23 -22 -20 -19 -19 -19 -20 -21 -21 -19 -19 -19 -19 -19 -19 -20 -21 -21 -22 -22 -22 -22 -23 -23 -23 -23 -24 -24 -24 -25 -25 -26 -26 -26 -26 -26 -28
-14 -14 -14 -14 -14 -14 -15 -15 -15 -15 -16 -16 -16 -17 -17 -18 -18 -19 -20 -22 -23 -24 -25 -25 -25 -25 -25 -25 -25 -25 -25 -24 -24 -23 -24 -24 -24 -24 -25 -24 -23 -23 -23 -24 -24 -24 -24 -24 -24 -24 -24 -24 -23 -23 -22 -22 -22 -23 -23 -23 -22 -20 -19 -19 -19 -20 -20 -20 -19 -19 -18 -18 -19 -19 -20 -21 -22 -22 -23 -23 -23 -23 -23 -23 -24 -24 -24 -25 -25 -26 -26 -26 -26 -26 -26 -27
-14 -15 -15 -15 -15 -15 -15 -15 -15 -15 -16 -16 -16 -17 -18 -18 -19 -20 -22 -23 -24 -25 -26 -25 -25 -26 -25 -25 -24 -25 -24 -24 -23 -23 -23 -24 -24 -24 -25 -24 -23 -23 -24 -24 -25 -25 -24 -24 -23 -24 -24 -24 -23 -23 -23 -23 -23 -24 -24 -23 -22 -21 -19 -19 -19 -19 -19 -20 -19 -19 -19 -19 -19 -20 -20 -21 -22 -22 -22 -22 -23 -23 -23 -24 -24 -24 -24 -25 -26 -26 -26 -26 -26 -26 -27 -27
-15 -15 -15 -16 -16 -16 -16 -16 -16 -16 -16 -17 -17 -18 -18 -19 -20 -21 -23 -24 -25 -26 -26 -26 -26 -26 -26 -25 -25 -25 -25 -24 -24 -24 -23 -24 -24 -24 -23 -23 -23 -24 -24 -24 -24 -24 -24 -24 -24 -24 -24 -24 -24 -24 -24 -24 -23 -23 -24 -23 -23 -22 -21 -20 -19 -19 -19 -19 -19 -19 -19 -19 -20 -20 -20 -21 -22 -22 -23 -23 -23 -23 -24 -24 -25 -25 -25 -26 -27 -27 -27 -27 -28 -28 -28 -27
-16 -16 -16 -16 -16 -17 -17 -17 -17 -17 -17 -18 -19 -18 -18 -19 -20 -22 -24 -25 -26 -27 -27 -26 -27 -27 -26 -26 -25 -25 -25 -25 -25 -24 -23 -23 -23 -23 -22 -23 -23 -24 -24 -24 -24 -24 -24 -24 -24 -24 -23 -24 -24 -24 -24 -25 -23 -23 -23 -23 -23 -23 -22 -21 -19 -19 -19 -19 -19 -19 -19 -20 -20 -20 -20 -21 -22 -22 -23 -23 -23 -24 -25 -25 -25 -26 -26 -27 -28 -28 -28 -28 -29 -29 -29 -28
-16 -16 -17 -17 -17 -18 -18 -18 -18 -19 -19 -20 -20 -20 -20 -21 -22 -24 -25 -26 -27 -27 -27 -26 -26 -27 -26 -26 -25 -25 -25 -25 -25 -25 -24 -24 -23 -23 -23 -23 -23 -23 -23 -23 -23 -23 -23 -23 -23 -23 -24 -24 -24 -24 -24 -24 -24 -24 -24 -24 -24 -23 -23 -21 -20 -19 -19 -19 -19 -19 -20 -20 -21 -21 -20 -20 -21 -22 -23 -23 -24 -24 -25 -25 -26 -26 -27 -27 -27 -28 -28 -28 -29 -29 -29 -29
-16 -17 -17 -17 -18 -19 -19 -19 -20 -20 -21 -22 -21 -21 -22 -23 -24 -25 -26 -26 -27 -27 -26 -26 -26 -26 -25 -25 -25 -25 -25 -25 -25 -25 -25 -24 -24 -23 -23 -23 -23 -23 -23 -22 -22 -22 -22 -23 -23 -23 -24 -24 -25 -25 -24 -24 -23 -24 -24 -25 -25 -24 -24 -23 -21 -20 -19 -19 -19 -20 -20 -21 -21 -21 -21 -19 -20 -22 -23 -23 -24 -24 -25 -25 -26 -26 -27 -27 -27 -27 -27 -28 -29 -29 -29 -29
-17 -17 -18 -18 -19 -19 -19 -20 -20 -20 -21 -22 -22 -22 -23 -24 -25 -26 -26 -26 -26 -26 -25 -25 -25 -25 -25 -25 -24 -24 -24 -25 -25 -25 -25 -24 -24 -24 -24 -24 -24 -24 -23 -23 -22 -22 -22 -22 -22 -22 -23 -24 -25 -25 -25 -25 -25 -25 -26 -26 -26 -26 -26 -25 -23 -22 -21 -20 -20 -20 -21 -21 -22 -22 -22 -21 -21 -22 -22 -23 -24 -24 -25 -25 -25 -26 -26 -27 -27 -27 -27 -28 -29 -29 -30 -30
-17 -18 -18 -18 -18 -19 -20 -20 -21 -21 -21 -22 -23 -22 -24 -25 -26 -27 -26 -26 -25 -25 -25 -24 -24 -24 -24 -24 -24 -24 -24 -24 -25 -24 -25 -24 -24 -24 -25 -25 -25 -25 -24 -23 -23 -23 -23 -23 -22 -22 -24 -24 -25 -25 -25 -25 -26 -26 -27 -27 -27 -28 -29 -27 -25 -24 -23 -22 -21 -21 -21 -22 -22 -23 -22 -22 -22 -22 -22 -22 -25 -25 -25 -24 -25 -26 -26 -26 -27 -27 -27 -29 -30 -30 -30 -30
-17 -17 -18 -18 -19 -20 -21 -21 -22 -22 -22 -23 -23 -23 -24 -25 -26 -26 -26 -25 -25 -25 -25 -25 -24 -24 -24 -24 -24 -24 -24 -24 -24 -25 -25 -25 -25 -26 -26 -26 -26 -25 -25 -25 -24 -24 -24 -24 -23 -23 -24 -24 -25 -25 -25 -25 -26 -26 -27 -28 -28 -29 -29 -29 -27 -26 -25 -23 -22 -22 -22 -22 -22 -22 -22 -22 -22 -22 -23 -23 -24 -24 -25 -26 -26 -26 -26 -26 -26 -26 -27 -28 -29 -29 -29 -30
-17 -17 -18 -19 -19 -20 -21 -22 -22 -22 -23 -23 -23 -24 -25 -25 -26 -26 -25 -25 -25 -25 -25 -25 -25 -24 -24 -25 -25 -24 -24 -24 -25 -25 -26 -26 -26 -26 -26 -26 -26 -26 -25 -25 -25 -25 -25 -25 -24 -24 -24 -24 -24 -24 -25 -25 -25 -26 -27 -28 -29 -29 -30 -30 -29 -29 -27 -25 -23 -23 -23 -23 -22 -22 -21 -21 -22 -22 -23 -23 -24 -24 -25 -27 -27 -26 -26 -26 -26 -27 -27 -27 -28 -29 -29 -29
-18 -18 -18 -19 -20 -20 -21 -22 -22 -22 -22 -23 -24 -25 -26 -27 -27 -27 -26 -26 -25 -25 -25 -25 -25 -25 -25 -25 -25 -25 -25 -25 -25 -26 -26 -26 -26 -26 -26 -26 -26 -26 -25 -24 -24 -24 -25 -25 -24 -24 -23 -23 -23 -24 -24 -24 -25 -26 -27 -28 -28 -30 -31 -31 -31 -31 -30 -28 -25 -25 -25 -25 -23 -22 -21 -22 -23 -23 -24 -24 -25 -25 -26 -27 -27 -27 -26 -27 -28 -28 -27 -28 -28 -29 -29 -29
-19 -19 -20 -20 -21 -21 -21 -21 -21 -22 -22 -23 -24 -25 -26 -26 -26 -26 -26 -26 -26 -25 -25 -25 -25 -25 -25 -25 -25 -25 -25 -25 -25 -26 -26 -26 -26 -26 -26 -26 -26 -25 -25 -24 -24 -24 -24 -24 -23 -23 -23 -23 -23 -24 -24 -24 -24 -25 -26 -27 -28 -29 -30 -31 -32 -32 -31 -30 -28 -28 -28 -27 -26 -25 -24 -25 -24 -24 -24 -24 -25 -26 -26 -27 -27 -27 -27 -28 -28 -28 -28 -28 -29 -29 -29 -29
-21 -21 -21 -22 -22 -21 -21 -21 -21 -22 -23 -24 -25 -26 -26 -26 -26 -25 -26 -26 -26 -26 -25 -24 -25 -25 -25 -25 -25 -25 -25 -25 -25 -26 -26 -26 -26 -27 -27 -26 -26 -25 -25 -24 -23 -23 -23 -23 -22 -23 -23 -23 -24 -24 -24 -24 -24 -25 -25 -26 -27 -28 -29 -31 -32 -32 -31 -31 -30 -30 -30 -29 -28 -28 -28 -28 -27 -26 -25 -25 -25 -26 -26 -27 -28 -28 -28 -28 -28 -28 -29 -29 -30 -30 -29 -29
-22 -23 -23 -22 -21 -21 -21 -22 -22 -23 -24 -24 -25 -26 -26 -26 -26 -25 -25 -25 -25 -25 -25 -25 -25 -25 -25 -25 -25 -25 -25 -25 -26 -26 -26 -26 -26 -27 -26 -26 -26 -26 -25 -24 -23 -22 -22 -22 -22 -22 -23 -23 -24 -24 -24 -25 -25 -25 -26 -26 -27 -28 -29 -30 -31 -31 -31 -31 -31 -31 -31 -31 -30 -30 -30 -29 -28 -28 -27 -27 -26 -27 -27 -27 -28 -28 -29 -29 -29 -29 -29 -29 -29 -30 -30 -30
-24 -25 -25 -23 -20 -21 -22 -23 -24 -25 -25 -24 -25 -26 -26 -27 -26 -26 -25 -25 -25 -25 -25 -25 -25 -26 -26 -25 -25 -24 -25 -25 -26 -26 -26 -27 -26 -26 -26 -27 -27 -26 -24 -24 -23 -22 -22 -21 -21 -22 -23 -24 -24 -25 -25 -25 -25 -26 -26 -27 -27 -28 -28 -29 -29 -30 -30 -31 -30 -30 -31 -31 -32 -31 -31 -31 -30 -29 -29 -28 -28 -27 -28 -28 -28 -28 -29 -29 -29 -31 -30 -29 -29 -31 -31 -30
-25 -25 -25 -24 -23 -24 -24 -25 -25 -26 -27 -26 -26 -27 -27 -27 -27 -26 -26 -26 -25 -25 -25 -26 -26 -26 -26 -26 -26 -26 -26 -26 -26 -26 -26 -26 -26 -26 -26 -26 -26 -25 -24 -23 -22 -21 -21 -21 -21 -22 -22 -23 -24 -24 -25 -25 -25 -26 -26 -26 -27 -28 -29 -29 -29 -29 -29 -30 -30 -30 -30 -31 -31 -31 -31 -31 -30 -30 -30 -30 -30 -29 -29 -28 -28 -29 -29 -29 -30 -31 -31 -30 -30 -31 -30 -30
-26 -26 -26 -26 -26 -26 -26 -26 -27 -27 -28 -28 -27 -27 -28 -28 -28 -27 -26 -26 -26 -26 -26 -26 -27 -27 -27 -27 -27 -27 -27 -26 -26 -26 -26 -26 -26 -26 -26 -26 -26 -24 -23 -21 -21 -21 -21 -21 -21 -22 -22 -23 -23 -24 -24 -25 -25 -26 -26 -26 -27 -28 -29 -30 -28 -28 -28 -29 -29 -30 -30 -30 -31 -31 -31 -31 -31 -31 -31 -31 -31 -31 -30 -29 -29 -29 -29 -30 -31 -31 -31 -31 -31 -30 -30 -30
-26 -27 -27 -27 -27 -27 -27 -27 -27 -28 -29 -29 -29 -29 -28 -28 -28 -28 -27 -27 -27 -27 -27 -27 -27 -28 -28 -28 -28 -28 -28 -27 -27 -27 -26 -26 -26 -26 -26 -25 -24 -23 -21 -21 -20 -20 -20 -21 -21 -22 -23 -23 -24 -24 -25 -25 -26 -26 -26 -27 -27 -27 -28 -28 -28 -28 -28 -29 -29 -30 -30 -30 -31 -31 -31 -31 -31 -31 -32 -32 -32 -33 -32 -31 -31 -30 -31 -31 -31 -31 -31 -31 -30 -30 -29 -29
-26 -27 -27 -27 -27 -27 -27 -27 -27 -28 -28 -29 -30 -29 -29 -28 -28 -28 -28 -28 -28 -28 -28 -28 -28 -28 -28 -28 -28 -28 -28 -28 -28 -27 -27 -27 -27 -26 -25 -24 -23 -21 -20 -20 -20 -20 -21 -21 -22 -22 -23 -24 -24 -25 -25 -25 -26 -26 -27 -27 -27 -27 -27 -27 -27 -28 -28 -29 -29 -30 -30 -31 -31 -31 -31 -31 -31 -32 -32 -33 -33 -33 -33 -33 -32 -32 -32 -32 -32 -31 -31 -31 -30 -29 -29 -28
-26 -26 -27 -27 -27 -27 -27 -27 -27 -27 -28 -28 -29 -29 -29 -29 -29 -29 -28 -28 -28 -28 -28 -29 -29 -29 -28 -28 -28 -28 -28 -28 -27 -27 -27 -27 -26 -25 -24 -23 -21 -21 -20 -20 -20 -21 -21 -22 -22 -23 -23 -24 -24 -24 -25 -25 -26 -26 -27 -28 -28 -28 -28 -27 -27 -27 -28 -28 -28 -29 -29 -30 -30 -31 -31 -31 -31 -31 -32 -32 -33 -33 -33 -33 -33 -33 -33 -33 -33 -33 -32 -31 -30 -30 -29 -29
-26 -26 -26 -27 -27 -28 -28 -27 -27 -27 -27 -28 -28 -29 -29 -29 -29 -29 -29 -29 -29 -29 -29 -29 -29 -29 -29 -28 -28 -27 -27 -27 -27 -27 -27 -27 -26 -25 -23 -22 -20 -20 -20 -21 -21 -21 -22 -23 -23 -23 -24 -24 -24 -24 -24 -25 -25 -26 -27 -28 -30 -29 -28 -28 -28 -27 -27 -27 -28 -28 -29 -29 -30 -30 -31 -31 -31 -31 -31 -32 -32 -33 -33 -34 -33 -33 -33 -34 -34 -34 -33 -32 -31 -30 -29 -29
